Enter Input Clock in MHZ
Enable boundary check? (y/n)
P	M	N	CLK
4 	 10 	 192 	 76.8 MHZ
4 	 10 	 193 	 77.2 MHZ
4 	 10 	 194 	 77.6 MHZ
4 	 10 	 195 	 78.0 MHZ
4 	 10 	 196 	 78.4 MHZ
4 	 10 	 197 	 78.8 MHZ
4 	 10 	 198 	 79.2 MHZ
4 	 10 	 199 	 79.6 MHZ
4 	 10 	 200 	 80.0 MHZ
4 	 10 	 201 	 80.4 MHZ
4 	 10 	 202 	 80.8 MHZ
4 	 10 	 203 	 81.2 MHZ
4 	 10 	 204 	 81.6 MHZ
4 	 10 	 205 	 82.0 MHZ
4 	 10 	 206 	 82.4 MHZ
4 	 10 	 207 	 82.8 MHZ
4 	 10 	 208 	 83.2 MHZ
4 	 10 	 209 	 83.6 MHZ
4 	 10 	 210 	 84.0 MHZ
4 	 11 	 192 	 69.81818181818181 MHZ
4 	 11 	 193 	 70.18181818181819 MHZ
4 	 11 	 194 	 70.54545454545455 MHZ
4 	 11 	 195 	 70.9090909090909 MHZ
4 	 11 	 196 	 71.27272727272727 MHZ
4 	 11 	 197 	 71.63636363636364 MHZ
4 	 11 	 198 	 72.0 MHZ
4 	 11 	 199 	 72.36363636363636 MHZ
4 	 11 	 200 	 72.72727272727273 MHZ
4 	 11 	 201 	 73.0909090909091 MHZ
4 	 11 	 202 	 73.45454545454545 MHZ
4 	 11 	 203 	 73.81818181818181 MHZ
4 	 11 	 204 	 74.18181818181819 MHZ
4 	 11 	 205 	 74.54545454545455 MHZ
4 	 11 	 206 	 74.9090909090909 MHZ
4 	 11 	 207 	 75.27272727272727 MHZ
4 	 11 	 208 	 75.63636363636364 MHZ
4 	 11 	 209 	 76.0 MHZ
4 	 11 	 210 	 76.36363636363636 MHZ
4 	 11 	 211 	 76.72727272727273 MHZ
4 	 11 	 212 	 77.0909090909091 MHZ
4 	 11 	 213 	 77.45454545454545 MHZ
4 	 11 	 214 	 77.81818181818181 MHZ
4 	 11 	 215 	 78.18181818181819 MHZ
4 	 11 	 216 	 78.54545454545455 MHZ
4 	 11 	 217 	 78.9090909090909 MHZ
4 	 11 	 218 	 79.27272727272727 MHZ
4 	 11 	 219 	 79.63636363636364 MHZ
4 	 11 	 220 	 80.0 MHZ
4 	 11 	 221 	 80.36363636363636 MHZ
4 	 11 	 222 	 80.72727272727273 MHZ
4 	 11 	 223 	 81.0909090909091 MHZ
4 	 11 	 224 	 81.45454545454545 MHZ
4 	 11 	 225 	 81.81818181818181 MHZ
4 	 11 	 226 	 82.18181818181819 MHZ
4 	 11 	 227 	 82.54545454545455 MHZ
4 	 11 	 228 	 82.9090909090909 MHZ
4 	 11 	 229 	 83.27272727272727 MHZ
4 	 11 	 230 	 83.63636363636364 MHZ
4 	 11 	 231 	 84.0 MHZ
4 	 12 	 192 	 64.0 MHZ
4 	 12 	 193 	 64.33333333333333 MHZ
4 	 12 	 194 	 64.66666666666667 MHZ
4 	 12 	 195 	 65.0 MHZ
4 	 12 	 196 	 65.33333333333333 MHZ
4 	 12 	 197 	 65.66666666666667 MHZ
4 	 12 	 198 	 66.0 MHZ
4 	 12 	 199 	 66.33333333333333 MHZ
4 	 12 	 200 	 66.66666666666667 MHZ
4 	 12 	 201 	 67.0 MHZ
4 	 12 	 202 	 67.33333333333333 MHZ
4 	 12 	 203 	 67.66666666666667 MHZ
4 	 12 	 204 	 68.0 MHZ
4 	 12 	 205 	 68.33333333333333 MHZ
4 	 12 	 206 	 68.66666666666667 MHZ
4 	 12 	 207 	 69.0 MHZ
4 	 12 	 208 	 69.33333333333333 MHZ
4 	 12 	 209 	 69.66666666666667 MHZ
4 	 12 	 210 	 70.0 MHZ
4 	 12 	 211 	 70.33333333333333 MHZ
4 	 12 	 212 	 70.66666666666667 MHZ
4 	 12 	 213 	 71.0 MHZ
4 	 12 	 214 	 71.33333333333333 MHZ
4 	 12 	 215 	 71.66666666666667 MHZ
4 	 12 	 216 	 72.0 MHZ
4 	 12 	 217 	 72.33333333333333 MHZ
4 	 12 	 218 	 72.66666666666667 MHZ
4 	 12 	 219 	 73.0 MHZ
4 	 12 	 220 	 73.33333333333333 MHZ
4 	 12 	 221 	 73.66666666666667 MHZ
4 	 12 	 222 	 74.0 MHZ
4 	 12 	 223 	 74.33333333333333 MHZ
4 	 12 	 224 	 74.66666666666667 MHZ
4 	 12 	 225 	 75.0 MHZ
4 	 12 	 226 	 75.33333333333333 MHZ
4 	 12 	 227 	 75.66666666666667 MHZ
4 	 12 	 228 	 76.0 MHZ
4 	 12 	 229 	 76.33333333333333 MHZ
4 	 12 	 230 	 76.66666666666667 MHZ
4 	 12 	 231 	 77.0 MHZ
4 	 12 	 232 	 77.33333333333333 MHZ
4 	 12 	 233 	 77.66666666666667 MHZ
4 	 12 	 234 	 78.0 MHZ
4 	 12 	 235 	 78.33333333333333 MHZ
4 	 12 	 236 	 78.66666666666667 MHZ
4 	 12 	 237 	 79.0 MHZ
4 	 12 	 238 	 79.33333333333333 MHZ
4 	 12 	 239 	 79.66666666666667 MHZ
4 	 12 	 240 	 80.0 MHZ
4 	 12 	 241 	 80.33333333333333 MHZ
4 	 12 	 242 	 80.66666666666667 MHZ
4 	 12 	 243 	 81.0 MHZ
4 	 12 	 244 	 81.33333333333333 MHZ
4 	 12 	 245 	 81.66666666666667 MHZ
4 	 12 	 246 	 82.0 MHZ
4 	 12 	 247 	 82.33333333333333 MHZ
4 	 12 	 248 	 82.66666666666667 MHZ
4 	 12 	 249 	 83.0 MHZ
4 	 12 	 250 	 83.33333333333333 MHZ
4 	 12 	 251 	 83.66666666666667 MHZ
4 	 12 	 252 	 84.0 MHZ
4 	 13 	 192 	 59.07692307692308 MHZ
4 	 13 	 193 	 59.38461538461539 MHZ
4 	 13 	 194 	 59.69230769230769 MHZ
4 	 13 	 195 	 60.0 MHZ
4 	 13 	 196 	 60.30769230769231 MHZ
4 	 13 	 197 	 60.61538461538461 MHZ
4 	 13 	 198 	 60.92307692307692 MHZ
4 	 13 	 199 	 61.23076923076923 MHZ
4 	 13 	 200 	 61.53846153846154 MHZ
4 	 13 	 201 	 61.84615384615385 MHZ
4 	 13 	 202 	 62.15384615384615 MHZ
4 	 13 	 203 	 62.46153846153846 MHZ
4 	 13 	 204 	 62.76923076923077 MHZ
4 	 13 	 205 	 63.07692307692308 MHZ
4 	 13 	 206 	 63.38461538461539 MHZ
4 	 13 	 207 	 63.69230769230769 MHZ
4 	 13 	 208 	 64.0 MHZ
4 	 13 	 209 	 64.3076923076923 MHZ
4 	 13 	 210 	 64.61538461538461 MHZ
4 	 13 	 211 	 64.92307692307692 MHZ
4 	 13 	 212 	 65.23076923076923 MHZ
4 	 13 	 213 	 65.53846153846153 MHZ
4 	 13 	 214 	 65.84615384615384 MHZ
4 	 13 	 215 	 66.15384615384616 MHZ
4 	 13 	 216 	 66.46153846153847 MHZ
4 	 13 	 217 	 66.76923076923077 MHZ
4 	 13 	 218 	 67.07692307692308 MHZ
4 	 13 	 219 	 67.38461538461539 MHZ
4 	 13 	 220 	 67.6923076923077 MHZ
4 	 13 	 221 	 68.0 MHZ
4 	 13 	 222 	 68.3076923076923 MHZ
4 	 13 	 223 	 68.61538461538461 MHZ
4 	 13 	 224 	 68.92307692307692 MHZ
4 	 13 	 225 	 69.23076923076923 MHZ
4 	 13 	 226 	 69.53846153846153 MHZ
4 	 13 	 227 	 69.84615384615384 MHZ
4 	 13 	 228 	 70.15384615384616 MHZ
4 	 13 	 229 	 70.46153846153847 MHZ
4 	 13 	 230 	 70.76923076923077 MHZ
4 	 13 	 231 	 71.07692307692308 MHZ
4 	 13 	 232 	 71.38461538461539 MHZ
4 	 13 	 233 	 71.6923076923077 MHZ
4 	 13 	 234 	 72.0 MHZ
4 	 13 	 235 	 72.3076923076923 MHZ
4 	 13 	 236 	 72.61538461538461 MHZ
4 	 13 	 237 	 72.92307692307692 MHZ
4 	 13 	 238 	 73.23076923076923 MHZ
4 	 13 	 239 	 73.53846153846153 MHZ
4 	 13 	 240 	 73.84615384615384 MHZ
4 	 13 	 241 	 74.15384615384616 MHZ
4 	 13 	 242 	 74.46153846153847 MHZ
4 	 13 	 243 	 74.76923076923077 MHZ
4 	 13 	 244 	 75.07692307692308 MHZ
4 	 13 	 245 	 75.38461538461539 MHZ
4 	 13 	 246 	 75.6923076923077 MHZ
4 	 13 	 247 	 76.0 MHZ
4 	 13 	 248 	 76.3076923076923 MHZ
4 	 13 	 249 	 76.61538461538461 MHZ
4 	 13 	 250 	 76.92307692307692 MHZ
4 	 13 	 251 	 77.23076923076923 MHZ
4 	 13 	 252 	 77.53846153846153 MHZ
4 	 13 	 253 	 77.84615384615384 MHZ
4 	 13 	 254 	 78.15384615384616 MHZ
4 	 13 	 255 	 78.46153846153847 MHZ
4 	 13 	 256 	 78.76923076923077 MHZ
4 	 13 	 257 	 79.07692307692308 MHZ
4 	 13 	 258 	 79.38461538461539 MHZ
4 	 13 	 259 	 79.6923076923077 MHZ
4 	 13 	 260 	 80.0 MHZ
4 	 13 	 261 	 80.3076923076923 MHZ
4 	 13 	 262 	 80.61538461538461 MHZ
4 	 13 	 263 	 80.92307692307692 MHZ
4 	 13 	 264 	 81.23076923076923 MHZ
4 	 13 	 265 	 81.53846153846153 MHZ
4 	 13 	 266 	 81.84615384615384 MHZ
4 	 13 	 267 	 82.15384615384616 MHZ
4 	 13 	 268 	 82.46153846153847 MHZ
4 	 13 	 269 	 82.76923076923077 MHZ
4 	 13 	 270 	 83.07692307692308 MHZ
4 	 13 	 271 	 83.38461538461539 MHZ
4 	 13 	 272 	 83.6923076923077 MHZ
4 	 13 	 273 	 84.0 MHZ
4 	 14 	 192 	 54.857142857142854 MHZ
4 	 14 	 193 	 55.142857142857146 MHZ
4 	 14 	 194 	 55.42857142857143 MHZ
4 	 14 	 195 	 55.714285714285715 MHZ
4 	 14 	 196 	 56.0 MHZ
4 	 14 	 197 	 56.285714285714285 MHZ
4 	 14 	 198 	 56.57142857142857 MHZ
4 	 14 	 199 	 56.857142857142854 MHZ
4 	 14 	 200 	 57.142857142857146 MHZ
4 	 14 	 201 	 57.42857142857143 MHZ
4 	 14 	 202 	 57.714285714285715 MHZ
4 	 14 	 203 	 58.0 MHZ
4 	 14 	 204 	 58.285714285714285 MHZ
4 	 14 	 205 	 58.57142857142857 MHZ
4 	 14 	 206 	 58.857142857142854 MHZ
4 	 14 	 207 	 59.142857142857146 MHZ
4 	 14 	 208 	 59.42857142857143 MHZ
4 	 14 	 209 	 59.714285714285715 MHZ
4 	 14 	 210 	 60.0 MHZ
4 	 14 	 211 	 60.285714285714285 MHZ
4 	 14 	 212 	 60.57142857142857 MHZ
4 	 14 	 213 	 60.857142857142854 MHZ
4 	 14 	 214 	 61.142857142857146 MHZ
4 	 14 	 215 	 61.42857142857143 MHZ
4 	 14 	 216 	 61.714285714285715 MHZ
4 	 14 	 217 	 62.0 MHZ
4 	 14 	 218 	 62.285714285714285 MHZ
4 	 14 	 219 	 62.57142857142857 MHZ
4 	 14 	 220 	 62.857142857142854 MHZ
4 	 14 	 221 	 63.142857142857146 MHZ
4 	 14 	 222 	 63.42857142857143 MHZ
4 	 14 	 223 	 63.714285714285715 MHZ
4 	 14 	 224 	 64.0 MHZ
4 	 14 	 225 	 64.28571428571429 MHZ
4 	 14 	 226 	 64.57142857142857 MHZ
4 	 14 	 227 	 64.85714285714286 MHZ
4 	 14 	 228 	 65.14285714285714 MHZ
4 	 14 	 229 	 65.42857142857143 MHZ
4 	 14 	 230 	 65.71428571428571 MHZ
4 	 14 	 231 	 66.0 MHZ
4 	 14 	 232 	 66.28571428571429 MHZ
4 	 14 	 233 	 66.57142857142857 MHZ
4 	 14 	 234 	 66.85714285714286 MHZ
4 	 14 	 235 	 67.14285714285714 MHZ
4 	 14 	 236 	 67.42857142857143 MHZ
4 	 14 	 237 	 67.71428571428571 MHZ
4 	 14 	 238 	 68.0 MHZ
4 	 14 	 239 	 68.28571428571429 MHZ
4 	 14 	 240 	 68.57142857142857 MHZ
4 	 14 	 241 	 68.85714285714286 MHZ
4 	 14 	 242 	 69.14285714285714 MHZ
4 	 14 	 243 	 69.42857142857143 MHZ
4 	 14 	 244 	 69.71428571428571 MHZ
4 	 14 	 245 	 70.0 MHZ
4 	 14 	 246 	 70.28571428571429 MHZ
4 	 14 	 247 	 70.57142857142857 MHZ
4 	 14 	 248 	 70.85714285714286 MHZ
4 	 14 	 249 	 71.14285714285714 MHZ
4 	 14 	 250 	 71.42857142857143 MHZ
4 	 14 	 251 	 71.71428571428571 MHZ
4 	 14 	 252 	 72.0 MHZ
4 	 14 	 253 	 72.28571428571429 MHZ
4 	 14 	 254 	 72.57142857142857 MHZ
4 	 14 	 255 	 72.85714285714286 MHZ
4 	 14 	 256 	 73.14285714285714 MHZ
4 	 14 	 257 	 73.42857142857143 MHZ
4 	 14 	 258 	 73.71428571428571 MHZ
4 	 14 	 259 	 74.0 MHZ
4 	 14 	 260 	 74.28571428571429 MHZ
4 	 14 	 261 	 74.57142857142857 MHZ
4 	 14 	 262 	 74.85714285714286 MHZ
4 	 14 	 263 	 75.14285714285714 MHZ
4 	 14 	 264 	 75.42857142857143 MHZ
4 	 14 	 265 	 75.71428571428571 MHZ
4 	 14 	 266 	 76.0 MHZ
4 	 14 	 267 	 76.28571428571429 MHZ
4 	 14 	 268 	 76.57142857142857 MHZ
4 	 14 	 269 	 76.85714285714286 MHZ
4 	 14 	 270 	 77.14285714285714 MHZ
4 	 14 	 271 	 77.42857142857143 MHZ
4 	 14 	 272 	 77.71428571428571 MHZ
4 	 14 	 273 	 78.0 MHZ
4 	 14 	 274 	 78.28571428571429 MHZ
4 	 14 	 275 	 78.57142857142857 MHZ
4 	 14 	 276 	 78.85714285714286 MHZ
4 	 14 	 277 	 79.14285714285714 MHZ
4 	 14 	 278 	 79.42857142857143 MHZ
4 	 14 	 279 	 79.71428571428571 MHZ
4 	 14 	 280 	 80.0 MHZ
4 	 14 	 281 	 80.28571428571429 MHZ
4 	 14 	 282 	 80.57142857142857 MHZ
4 	 14 	 283 	 80.85714285714286 MHZ
4 	 14 	 284 	 81.14285714285714 MHZ
4 	 14 	 285 	 81.42857142857143 MHZ
4 	 14 	 286 	 81.71428571428571 MHZ
4 	 14 	 287 	 82.0 MHZ
4 	 14 	 288 	 82.28571428571429 MHZ
4 	 14 	 289 	 82.57142857142857 MHZ
4 	 14 	 290 	 82.85714285714286 MHZ
4 	 14 	 291 	 83.14285714285714 MHZ
4 	 14 	 292 	 83.42857142857143 MHZ
4 	 14 	 293 	 83.71428571428571 MHZ
4 	 14 	 294 	 84.0 MHZ
4 	 15 	 192 	 51.2 MHZ
4 	 15 	 193 	 51.46666666666667 MHZ
4 	 15 	 194 	 51.733333333333334 MHZ
4 	 15 	 195 	 52.0 MHZ
4 	 15 	 196 	 52.266666666666666 MHZ
4 	 15 	 197 	 52.53333333333333 MHZ
4 	 15 	 198 	 52.8 MHZ
4 	 15 	 199 	 53.06666666666667 MHZ
4 	 15 	 200 	 53.333333333333336 MHZ
4 	 15 	 201 	 53.6 MHZ
4 	 15 	 202 	 53.86666666666667 MHZ
4 	 15 	 203 	 54.13333333333333 MHZ
4 	 15 	 204 	 54.4 MHZ
4 	 15 	 205 	 54.666666666666664 MHZ
4 	 15 	 206 	 54.93333333333333 MHZ
4 	 15 	 207 	 55.2 MHZ
4 	 15 	 208 	 55.46666666666667 MHZ
4 	 15 	 209 	 55.733333333333334 MHZ
4 	 15 	 210 	 56.0 MHZ
4 	 15 	 211 	 56.266666666666666 MHZ
4 	 15 	 212 	 56.53333333333333 MHZ
4 	 15 	 213 	 56.8 MHZ
4 	 15 	 214 	 57.06666666666667 MHZ
4 	 15 	 215 	 57.333333333333336 MHZ
4 	 15 	 216 	 57.6 MHZ
4 	 15 	 217 	 57.86666666666667 MHZ
4 	 15 	 218 	 58.13333333333333 MHZ
4 	 15 	 219 	 58.4 MHZ
4 	 15 	 220 	 58.666666666666664 MHZ
4 	 15 	 221 	 58.93333333333333 MHZ
4 	 15 	 222 	 59.2 MHZ
4 	 15 	 223 	 59.46666666666667 MHZ
4 	 15 	 224 	 59.733333333333334 MHZ
4 	 15 	 225 	 60.0 MHZ
4 	 15 	 226 	 60.266666666666666 MHZ
4 	 15 	 227 	 60.53333333333333 MHZ
4 	 15 	 228 	 60.8 MHZ
4 	 15 	 229 	 61.06666666666667 MHZ
4 	 15 	 230 	 61.333333333333336 MHZ
4 	 15 	 231 	 61.6 MHZ
4 	 15 	 232 	 61.86666666666667 MHZ
4 	 15 	 233 	 62.13333333333333 MHZ
4 	 15 	 234 	 62.4 MHZ
4 	 15 	 235 	 62.666666666666664 MHZ
4 	 15 	 236 	 62.93333333333333 MHZ
4 	 15 	 237 	 63.2 MHZ
4 	 15 	 238 	 63.46666666666667 MHZ
4 	 15 	 239 	 63.733333333333334 MHZ
4 	 15 	 240 	 64.0 MHZ
4 	 15 	 241 	 64.26666666666667 MHZ
4 	 15 	 242 	 64.53333333333333 MHZ
4 	 15 	 243 	 64.8 MHZ
4 	 15 	 244 	 65.06666666666666 MHZ
4 	 15 	 245 	 65.33333333333333 MHZ
4 	 15 	 246 	 65.6 MHZ
4 	 15 	 247 	 65.86666666666666 MHZ
4 	 15 	 248 	 66.13333333333334 MHZ
4 	 15 	 249 	 66.4 MHZ
4 	 15 	 250 	 66.66666666666667 MHZ
4 	 15 	 251 	 66.93333333333334 MHZ
4 	 15 	 252 	 67.2 MHZ
4 	 15 	 253 	 67.46666666666667 MHZ
4 	 15 	 254 	 67.73333333333333 MHZ
4 	 15 	 255 	 68.0 MHZ
4 	 15 	 256 	 68.26666666666667 MHZ
4 	 15 	 257 	 68.53333333333333 MHZ
4 	 15 	 258 	 68.8 MHZ
4 	 15 	 259 	 69.06666666666666 MHZ
4 	 15 	 260 	 69.33333333333333 MHZ
4 	 15 	 261 	 69.6 MHZ
4 	 15 	 262 	 69.86666666666666 MHZ
4 	 15 	 263 	 70.13333333333334 MHZ
4 	 15 	 264 	 70.4 MHZ
4 	 15 	 265 	 70.66666666666667 MHZ
4 	 15 	 266 	 70.93333333333334 MHZ
4 	 15 	 267 	 71.2 MHZ
4 	 15 	 268 	 71.46666666666667 MHZ
4 	 15 	 269 	 71.73333333333333 MHZ
4 	 15 	 270 	 72.0 MHZ
4 	 15 	 271 	 72.26666666666667 MHZ
4 	 15 	 272 	 72.53333333333333 MHZ
4 	 15 	 273 	 72.8 MHZ
4 	 15 	 274 	 73.06666666666666 MHZ
4 	 15 	 275 	 73.33333333333333 MHZ
4 	 15 	 276 	 73.6 MHZ
4 	 15 	 277 	 73.86666666666666 MHZ
4 	 15 	 278 	 74.13333333333334 MHZ
4 	 15 	 279 	 74.4 MHZ
4 	 15 	 280 	 74.66666666666667 MHZ
4 	 15 	 281 	 74.93333333333334 MHZ
4 	 15 	 282 	 75.2 MHZ
4 	 15 	 283 	 75.46666666666667 MHZ
4 	 15 	 284 	 75.73333333333333 MHZ
4 	 15 	 285 	 76.0 MHZ
4 	 15 	 286 	 76.26666666666667 MHZ
4 	 15 	 287 	 76.53333333333333 MHZ
4 	 15 	 288 	 76.8 MHZ
4 	 15 	 289 	 77.06666666666666 MHZ
4 	 15 	 290 	 77.33333333333333 MHZ
4 	 15 	 291 	 77.6 MHZ
4 	 15 	 292 	 77.86666666666666 MHZ
4 	 15 	 293 	 78.13333333333334 MHZ
4 	 15 	 294 	 78.4 MHZ
4 	 15 	 295 	 78.66666666666667 MHZ
4 	 15 	 296 	 78.93333333333334 MHZ
4 	 15 	 297 	 79.2 MHZ
4 	 15 	 298 	 79.46666666666667 MHZ
4 	 15 	 299 	 79.73333333333333 MHZ
4 	 15 	 300 	 80.0 MHZ
4 	 15 	 301 	 80.26666666666667 MHZ
4 	 15 	 302 	 80.53333333333333 MHZ
4 	 15 	 303 	 80.8 MHZ
4 	 15 	 304 	 81.06666666666666 MHZ
4 	 15 	 305 	 81.33333333333333 MHZ
4 	 15 	 306 	 81.6 MHZ
4 	 15 	 307 	 81.86666666666666 MHZ
4 	 15 	 308 	 82.13333333333334 MHZ
4 	 15 	 309 	 82.4 MHZ
4 	 15 	 310 	 82.66666666666667 MHZ
4 	 15 	 311 	 82.93333333333334 MHZ
4 	 15 	 312 	 83.2 MHZ
4 	 15 	 313 	 83.46666666666667 MHZ
4 	 15 	 314 	 83.73333333333333 MHZ
4 	 15 	 315 	 84.0 MHZ
4 	 16 	 192 	 48.0 MHZ
4 	 16 	 193 	 48.25 MHZ
4 	 16 	 194 	 48.5 MHZ
4 	 16 	 195 	 48.75 MHZ
4 	 16 	 196 	 49.0 MHZ
4 	 16 	 197 	 49.25 MHZ
4 	 16 	 198 	 49.5 MHZ
4 	 16 	 199 	 49.75 MHZ
4 	 16 	 200 	 50.0 MHZ
4 	 16 	 201 	 50.25 MHZ
4 	 16 	 202 	 50.5 MHZ
4 	 16 	 203 	 50.75 MHZ
4 	 16 	 204 	 51.0 MHZ
4 	 16 	 205 	 51.25 MHZ
4 	 16 	 206 	 51.5 MHZ
4 	 16 	 207 	 51.75 MHZ
4 	 16 	 208 	 52.0 MHZ
4 	 16 	 209 	 52.25 MHZ
4 	 16 	 210 	 52.5 MHZ
4 	 16 	 211 	 52.75 MHZ
4 	 16 	 212 	 53.0 MHZ
4 	 16 	 213 	 53.25 MHZ
4 	 16 	 214 	 53.5 MHZ
4 	 16 	 215 	 53.75 MHZ
4 	 16 	 216 	 54.0 MHZ
4 	 16 	 217 	 54.25 MHZ
4 	 16 	 218 	 54.5 MHZ
4 	 16 	 219 	 54.75 MHZ
4 	 16 	 220 	 55.0 MHZ
4 	 16 	 221 	 55.25 MHZ
4 	 16 	 222 	 55.5 MHZ
4 	 16 	 223 	 55.75 MHZ
4 	 16 	 224 	 56.0 MHZ
4 	 16 	 225 	 56.25 MHZ
4 	 16 	 226 	 56.5 MHZ
4 	 16 	 227 	 56.75 MHZ
4 	 16 	 228 	 57.0 MHZ
4 	 16 	 229 	 57.25 MHZ
4 	 16 	 230 	 57.5 MHZ
4 	 16 	 231 	 57.75 MHZ
4 	 16 	 232 	 58.0 MHZ
4 	 16 	 233 	 58.25 MHZ
4 	 16 	 234 	 58.5 MHZ
4 	 16 	 235 	 58.75 MHZ
4 	 16 	 236 	 59.0 MHZ
4 	 16 	 237 	 59.25 MHZ
4 	 16 	 238 	 59.5 MHZ
4 	 16 	 239 	 59.75 MHZ
4 	 16 	 240 	 60.0 MHZ
4 	 16 	 241 	 60.25 MHZ
4 	 16 	 242 	 60.5 MHZ
4 	 16 	 243 	 60.75 MHZ
4 	 16 	 244 	 61.0 MHZ
4 	 16 	 245 	 61.25 MHZ
4 	 16 	 246 	 61.5 MHZ
4 	 16 	 247 	 61.75 MHZ
4 	 16 	 248 	 62.0 MHZ
4 	 16 	 249 	 62.25 MHZ
4 	 16 	 250 	 62.5 MHZ
4 	 16 	 251 	 62.75 MHZ
4 	 16 	 252 	 63.0 MHZ
4 	 16 	 253 	 63.25 MHZ
4 	 16 	 254 	 63.5 MHZ
4 	 16 	 255 	 63.75 MHZ
4 	 16 	 256 	 64.0 MHZ
4 	 16 	 257 	 64.25 MHZ
4 	 16 	 258 	 64.5 MHZ
4 	 16 	 259 	 64.75 MHZ
4 	 16 	 260 	 65.0 MHZ
4 	 16 	 261 	 65.25 MHZ
4 	 16 	 262 	 65.5 MHZ
4 	 16 	 263 	 65.75 MHZ
4 	 16 	 264 	 66.0 MHZ
4 	 16 	 265 	 66.25 MHZ
4 	 16 	 266 	 66.5 MHZ
4 	 16 	 267 	 66.75 MHZ
4 	 16 	 268 	 67.0 MHZ
4 	 16 	 269 	 67.25 MHZ
4 	 16 	 270 	 67.5 MHZ
4 	 16 	 271 	 67.75 MHZ
4 	 16 	 272 	 68.0 MHZ
4 	 16 	 273 	 68.25 MHZ
4 	 16 	 274 	 68.5 MHZ
4 	 16 	 275 	 68.75 MHZ
4 	 16 	 276 	 69.0 MHZ
4 	 16 	 277 	 69.25 MHZ
4 	 16 	 278 	 69.5 MHZ
4 	 16 	 279 	 69.75 MHZ
4 	 16 	 280 	 70.0 MHZ
4 	 16 	 281 	 70.25 MHZ
4 	 16 	 282 	 70.5 MHZ
4 	 16 	 283 	 70.75 MHZ
4 	 16 	 284 	 71.0 MHZ
4 	 16 	 285 	 71.25 MHZ
4 	 16 	 286 	 71.5 MHZ
4 	 16 	 287 	 71.75 MHZ
4 	 16 	 288 	 72.0 MHZ
4 	 16 	 289 	 72.25 MHZ
4 	 16 	 290 	 72.5 MHZ
4 	 16 	 291 	 72.75 MHZ
4 	 16 	 292 	 73.0 MHZ
4 	 16 	 293 	 73.25 MHZ
4 	 16 	 294 	 73.5 MHZ
4 	 16 	 295 	 73.75 MHZ
4 	 16 	 296 	 74.0 MHZ
4 	 16 	 297 	 74.25 MHZ
4 	 16 	 298 	 74.5 MHZ
4 	 16 	 299 	 74.75 MHZ
4 	 16 	 300 	 75.0 MHZ
4 	 16 	 301 	 75.25 MHZ
4 	 16 	 302 	 75.5 MHZ
4 	 16 	 303 	 75.75 MHZ
4 	 16 	 304 	 76.0 MHZ
4 	 16 	 305 	 76.25 MHZ
4 	 16 	 306 	 76.5 MHZ
4 	 16 	 307 	 76.75 MHZ
4 	 16 	 308 	 77.0 MHZ
4 	 16 	 309 	 77.25 MHZ
4 	 16 	 310 	 77.5 MHZ
4 	 16 	 311 	 77.75 MHZ
4 	 16 	 312 	 78.0 MHZ
4 	 16 	 313 	 78.25 MHZ
4 	 16 	 314 	 78.5 MHZ
4 	 16 	 315 	 78.75 MHZ
4 	 16 	 316 	 79.0 MHZ
4 	 16 	 317 	 79.25 MHZ
4 	 16 	 318 	 79.5 MHZ
4 	 16 	 319 	 79.75 MHZ
4 	 16 	 320 	 80.0 MHZ
4 	 16 	 321 	 80.25 MHZ
4 	 16 	 322 	 80.5 MHZ
4 	 16 	 323 	 80.75 MHZ
4 	 16 	 324 	 81.0 MHZ
4 	 16 	 325 	 81.25 MHZ
4 	 16 	 326 	 81.5 MHZ
4 	 16 	 327 	 81.75 MHZ
4 	 16 	 328 	 82.0 MHZ
4 	 16 	 329 	 82.25 MHZ
4 	 16 	 330 	 82.5 MHZ
4 	 16 	 331 	 82.75 MHZ
4 	 16 	 332 	 83.0 MHZ
4 	 16 	 333 	 83.25 MHZ
4 	 16 	 334 	 83.5 MHZ
4 	 16 	 335 	 83.75 MHZ
4 	 16 	 336 	 84.0 MHZ
6 	 8 	 192 	 64.0 MHZ
6 	 8 	 193 	 64.33333333333333 MHZ
6 	 8 	 194 	 64.66666666666667 MHZ
6 	 8 	 195 	 65.0 MHZ
6 	 8 	 196 	 65.33333333333333 MHZ
6 	 8 	 197 	 65.66666666666667 MHZ
6 	 8 	 198 	 66.0 MHZ
6 	 8 	 199 	 66.33333333333333 MHZ
6 	 8 	 200 	 66.66666666666667 MHZ
6 	 8 	 201 	 67.0 MHZ
6 	 8 	 202 	 67.33333333333333 MHZ
6 	 8 	 203 	 67.66666666666667 MHZ
6 	 8 	 204 	 68.0 MHZ
6 	 8 	 205 	 68.33333333333333 MHZ
6 	 8 	 206 	 68.66666666666667 MHZ
6 	 8 	 207 	 69.0 MHZ
6 	 8 	 208 	 69.33333333333333 MHZ
6 	 8 	 209 	 69.66666666666667 MHZ
6 	 8 	 210 	 70.0 MHZ
6 	 8 	 211 	 70.33333333333333 MHZ
6 	 8 	 212 	 70.66666666666667 MHZ
6 	 8 	 213 	 71.0 MHZ
6 	 8 	 214 	 71.33333333333333 MHZ
6 	 8 	 215 	 71.66666666666667 MHZ
6 	 8 	 216 	 72.0 MHZ
6 	 9 	 192 	 56.888888888888886 MHZ
6 	 9 	 193 	 57.18518518518518 MHZ
6 	 9 	 194 	 57.48148148148149 MHZ
6 	 9 	 195 	 57.77777777777778 MHZ
6 	 9 	 196 	 58.074074074074076 MHZ
6 	 9 	 197 	 58.370370370370374 MHZ
6 	 9 	 198 	 58.666666666666664 MHZ
6 	 9 	 199 	 58.96296296296296 MHZ
6 	 9 	 200 	 59.25925925925926 MHZ
6 	 9 	 201 	 59.55555555555555 MHZ
6 	 9 	 202 	 59.85185185185185 MHZ
6 	 9 	 203 	 60.14814814814815 MHZ
6 	 9 	 204 	 60.44444444444445 MHZ
6 	 9 	 205 	 60.74074074074074 MHZ
6 	 9 	 206 	 61.03703703703704 MHZ
6 	 9 	 207 	 61.333333333333336 MHZ
6 	 9 	 208 	 61.629629629629626 MHZ
6 	 9 	 209 	 61.925925925925924 MHZ
6 	 9 	 210 	 62.22222222222222 MHZ
6 	 9 	 211 	 62.51851851851851 MHZ
6 	 9 	 212 	 62.81481481481482 MHZ
6 	 9 	 213 	 63.111111111111114 MHZ
6 	 9 	 214 	 63.40740740740741 MHZ
6 	 9 	 215 	 63.7037037037037 MHZ
6 	 9 	 216 	 64.0 MHZ
6 	 9 	 217 	 64.29629629629629 MHZ
6 	 9 	 218 	 64.5925925925926 MHZ
6 	 9 	 219 	 64.88888888888889 MHZ
6 	 9 	 220 	 65.18518518518518 MHZ
6 	 9 	 221 	 65.48148148148148 MHZ
6 	 9 	 222 	 65.77777777777779 MHZ
6 	 9 	 223 	 66.07407407407408 MHZ
6 	 9 	 224 	 66.37037037037037 MHZ
6 	 9 	 225 	 66.66666666666667 MHZ
6 	 9 	 226 	 66.96296296296296 MHZ
6 	 9 	 227 	 67.25925925925925 MHZ
6 	 9 	 228 	 67.55555555555556 MHZ
6 	 9 	 229 	 67.85185185185185 MHZ
6 	 9 	 230 	 68.14814814814815 MHZ
6 	 9 	 231 	 68.44444444444444 MHZ
6 	 9 	 232 	 68.74074074074075 MHZ
6 	 9 	 233 	 69.03703703703704 MHZ
6 	 9 	 234 	 69.33333333333333 MHZ
6 	 9 	 235 	 69.62962962962963 MHZ
6 	 9 	 236 	 69.92592592592592 MHZ
6 	 9 	 237 	 70.22222222222221 MHZ
6 	 9 	 238 	 70.51851851851852 MHZ
6 	 9 	 239 	 70.81481481481482 MHZ
6 	 9 	 240 	 71.11111111111111 MHZ
6 	 9 	 241 	 71.4074074074074 MHZ
6 	 9 	 242 	 71.70370370370371 MHZ
6 	 9 	 243 	 72.0 MHZ
6 	 10 	 192 	 51.199999999999996 MHZ
6 	 10 	 193 	 51.46666666666667 MHZ
6 	 10 	 194 	 51.73333333333333 MHZ
6 	 10 	 195 	 52.0 MHZ
6 	 10 	 196 	 52.26666666666667 MHZ
6 	 10 	 197 	 52.53333333333333 MHZ
6 	 10 	 198 	 52.800000000000004 MHZ
6 	 10 	 199 	 53.06666666666666 MHZ
6 	 10 	 200 	 53.333333333333336 MHZ
6 	 10 	 201 	 53.6 MHZ
6 	 10 	 202 	 53.86666666666667 MHZ
6 	 10 	 203 	 54.13333333333333 MHZ
6 	 10 	 204 	 54.4 MHZ
6 	 10 	 205 	 54.666666666666664 MHZ
6 	 10 	 206 	 54.93333333333334 MHZ
6 	 10 	 207 	 55.199999999999996 MHZ
6 	 10 	 208 	 55.46666666666667 MHZ
6 	 10 	 209 	 55.73333333333333 MHZ
6 	 10 	 210 	 56.0 MHZ
6 	 10 	 211 	 56.26666666666667 MHZ
6 	 10 	 212 	 56.53333333333333 MHZ
6 	 10 	 213 	 56.800000000000004 MHZ
6 	 10 	 214 	 57.06666666666666 MHZ
6 	 10 	 215 	 57.333333333333336 MHZ
6 	 10 	 216 	 57.6 MHZ
6 	 10 	 217 	 57.86666666666667 MHZ
6 	 10 	 218 	 58.13333333333333 MHZ
6 	 10 	 219 	 58.4 MHZ
6 	 10 	 220 	 58.666666666666664 MHZ
6 	 10 	 221 	 58.93333333333334 MHZ
6 	 10 	 222 	 59.199999999999996 MHZ
6 	 10 	 223 	 59.46666666666667 MHZ
6 	 10 	 224 	 59.73333333333333 MHZ
6 	 10 	 225 	 60.0 MHZ
6 	 10 	 226 	 60.26666666666667 MHZ
6 	 10 	 227 	 60.53333333333333 MHZ
6 	 10 	 228 	 60.800000000000004 MHZ
6 	 10 	 229 	 61.06666666666666 MHZ
6 	 10 	 230 	 61.333333333333336 MHZ
6 	 10 	 231 	 61.6 MHZ
6 	 10 	 232 	 61.86666666666667 MHZ
6 	 10 	 233 	 62.13333333333333 MHZ
6 	 10 	 234 	 62.4 MHZ
6 	 10 	 235 	 62.666666666666664 MHZ
6 	 10 	 236 	 62.93333333333334 MHZ
6 	 10 	 237 	 63.199999999999996 MHZ
6 	 10 	 238 	 63.46666666666667 MHZ
6 	 10 	 239 	 63.73333333333333 MHZ
6 	 10 	 240 	 64.0 MHZ
6 	 10 	 241 	 64.26666666666667 MHZ
6 	 10 	 242 	 64.53333333333333 MHZ
6 	 10 	 243 	 64.8 MHZ
6 	 10 	 244 	 65.06666666666666 MHZ
6 	 10 	 245 	 65.33333333333333 MHZ
6 	 10 	 246 	 65.60000000000001 MHZ
6 	 10 	 247 	 65.86666666666666 MHZ
6 	 10 	 248 	 66.13333333333334 MHZ
6 	 10 	 249 	 66.39999999999999 MHZ
6 	 10 	 250 	 66.66666666666667 MHZ
6 	 10 	 251 	 66.93333333333334 MHZ
6 	 10 	 252 	 67.2 MHZ
6 	 10 	 253 	 67.46666666666667 MHZ
6 	 10 	 254 	 67.73333333333333 MHZ
6 	 10 	 255 	 68.0 MHZ
6 	 10 	 256 	 68.26666666666667 MHZ
6 	 10 	 257 	 68.53333333333333 MHZ
6 	 10 	 258 	 68.8 MHZ
6 	 10 	 259 	 69.06666666666666 MHZ
6 	 10 	 260 	 69.33333333333333 MHZ
6 	 10 	 261 	 69.60000000000001 MHZ
6 	 10 	 262 	 69.86666666666666 MHZ
6 	 10 	 263 	 70.13333333333334 MHZ
6 	 10 	 264 	 70.39999999999999 MHZ
6 	 10 	 265 	 70.66666666666667 MHZ
6 	 10 	 266 	 70.93333333333334 MHZ
6 	 10 	 267 	 71.2 MHZ
6 	 10 	 268 	 71.46666666666667 MHZ
6 	 10 	 269 	 71.73333333333333 MHZ
6 	 10 	 270 	 72.0 MHZ
6 	 11 	 192 	 46.54545454545454 MHZ
6 	 11 	 193 	 46.78787878787879 MHZ
6 	 11 	 194 	 47.03030303030303 MHZ
6 	 11 	 195 	 47.27272727272727 MHZ
6 	 11 	 196 	 47.51515151515151 MHZ
6 	 11 	 197 	 47.75757575757576 MHZ
6 	 11 	 198 	 48.0 MHZ
6 	 11 	 199 	 48.24242424242424 MHZ
6 	 11 	 200 	 48.48484848484849 MHZ
6 	 11 	 201 	 48.72727272727273 MHZ
6 	 11 	 202 	 48.96969696969697 MHZ
6 	 11 	 203 	 49.21212121212121 MHZ
6 	 11 	 204 	 49.45454545454546 MHZ
6 	 11 	 205 	 49.696969696969695 MHZ
6 	 11 	 206 	 49.93939393939394 MHZ
6 	 11 	 207 	 50.18181818181818 MHZ
6 	 11 	 208 	 50.42424242424243 MHZ
6 	 11 	 209 	 50.666666666666664 MHZ
6 	 11 	 210 	 50.90909090909091 MHZ
6 	 11 	 211 	 51.151515151515156 MHZ
6 	 11 	 212 	 51.3939393939394 MHZ
6 	 11 	 213 	 51.63636363636363 MHZ
6 	 11 	 214 	 51.878787878787875 MHZ
6 	 11 	 215 	 52.121212121212125 MHZ
6 	 11 	 216 	 52.36363636363637 MHZ
6 	 11 	 217 	 52.6060606060606 MHZ
6 	 11 	 218 	 52.848484848484844 MHZ
6 	 11 	 219 	 53.09090909090909 MHZ
6 	 11 	 220 	 53.333333333333336 MHZ
6 	 11 	 221 	 53.57575757575757 MHZ
6 	 11 	 222 	 53.81818181818182 MHZ
6 	 11 	 223 	 54.06060606060606 MHZ
6 	 11 	 224 	 54.303030303030305 MHZ
6 	 11 	 225 	 54.54545454545454 MHZ
6 	 11 	 226 	 54.78787878787879 MHZ
6 	 11 	 227 	 55.03030303030303 MHZ
6 	 11 	 228 	 55.27272727272727 MHZ
6 	 11 	 229 	 55.51515151515151 MHZ
6 	 11 	 230 	 55.75757575757576 MHZ
6 	 11 	 231 	 56.0 MHZ
6 	 11 	 232 	 56.24242424242424 MHZ
6 	 11 	 233 	 56.48484848484849 MHZ
6 	 11 	 234 	 56.72727272727273 MHZ
6 	 11 	 235 	 56.96969696969697 MHZ
6 	 11 	 236 	 57.21212121212121 MHZ
6 	 11 	 237 	 57.45454545454546 MHZ
6 	 11 	 238 	 57.696969696969695 MHZ
6 	 11 	 239 	 57.93939393939394 MHZ
6 	 11 	 240 	 58.18181818181818 MHZ
6 	 11 	 241 	 58.42424242424243 MHZ
6 	 11 	 242 	 58.666666666666664 MHZ
6 	 11 	 243 	 58.90909090909091 MHZ
6 	 11 	 244 	 59.151515151515156 MHZ
6 	 11 	 245 	 59.3939393939394 MHZ
6 	 11 	 246 	 59.63636363636363 MHZ
6 	 11 	 247 	 59.878787878787875 MHZ
6 	 11 	 248 	 60.121212121212125 MHZ
6 	 11 	 249 	 60.36363636363637 MHZ
6 	 11 	 250 	 60.6060606060606 MHZ
6 	 11 	 251 	 60.848484848484844 MHZ
6 	 11 	 252 	 61.09090909090909 MHZ
6 	 11 	 253 	 61.333333333333336 MHZ
6 	 11 	 254 	 61.57575757575757 MHZ
6 	 11 	 255 	 61.81818181818182 MHZ
6 	 11 	 256 	 62.06060606060606 MHZ
6 	 11 	 257 	 62.303030303030305 MHZ
6 	 11 	 258 	 62.54545454545454 MHZ
6 	 11 	 259 	 62.78787878787879 MHZ
6 	 11 	 260 	 63.03030303030303 MHZ
6 	 11 	 261 	 63.27272727272727 MHZ
6 	 11 	 262 	 63.51515151515151 MHZ
6 	 11 	 263 	 63.75757575757576 MHZ
6 	 11 	 264 	 64.0 MHZ
6 	 11 	 265 	 64.24242424242424 MHZ
6 	 11 	 266 	 64.48484848484848 MHZ
6 	 11 	 267 	 64.72727272727273 MHZ
6 	 11 	 268 	 64.96969696969697 MHZ
6 	 11 	 269 	 65.2121212121212 MHZ
6 	 11 	 270 	 65.45454545454545 MHZ
6 	 11 	 271 	 65.6969696969697 MHZ
6 	 11 	 272 	 65.93939393939394 MHZ
6 	 11 	 273 	 66.18181818181817 MHZ
6 	 11 	 274 	 66.42424242424242 MHZ
6 	 11 	 275 	 66.66666666666667 MHZ
6 	 11 	 276 	 66.9090909090909 MHZ
6 	 11 	 277 	 67.15151515151516 MHZ
6 	 11 	 278 	 67.39393939393939 MHZ
6 	 11 	 279 	 67.63636363636364 MHZ
6 	 11 	 280 	 67.87878787878788 MHZ
6 	 11 	 281 	 68.12121212121212 MHZ
6 	 11 	 282 	 68.36363636363636 MHZ
6 	 11 	 283 	 68.60606060606061 MHZ
6 	 11 	 284 	 68.84848484848484 MHZ
6 	 11 	 285 	 69.0909090909091 MHZ
6 	 11 	 286 	 69.33333333333333 MHZ
6 	 11 	 287 	 69.57575757575758 MHZ
6 	 11 	 288 	 69.81818181818183 MHZ
6 	 11 	 289 	 70.06060606060606 MHZ
6 	 11 	 290 	 70.3030303030303 MHZ
6 	 11 	 291 	 70.54545454545455 MHZ
6 	 11 	 292 	 70.7878787878788 MHZ
6 	 11 	 293 	 71.03030303030303 MHZ
6 	 11 	 294 	 71.27272727272727 MHZ
6 	 11 	 295 	 71.51515151515152 MHZ
6 	 11 	 296 	 71.75757575757576 MHZ
6 	 11 	 297 	 72.0 MHZ
6 	 12 	 192 	 42.666666666666664 MHZ
6 	 12 	 193 	 42.888888888888886 MHZ
6 	 12 	 194 	 43.111111111111114 MHZ
6 	 12 	 195 	 43.333333333333336 MHZ
6 	 12 	 196 	 43.55555555555555 MHZ
6 	 12 	 197 	 43.77777777777778 MHZ
6 	 12 	 198 	 44.0 MHZ
6 	 12 	 199 	 44.22222222222222 MHZ
6 	 12 	 200 	 44.44444444444445 MHZ
6 	 12 	 201 	 44.666666666666664 MHZ
6 	 12 	 202 	 44.888888888888886 MHZ
6 	 12 	 203 	 45.111111111111114 MHZ
6 	 12 	 204 	 45.333333333333336 MHZ
6 	 12 	 205 	 45.55555555555555 MHZ
6 	 12 	 206 	 45.77777777777778 MHZ
6 	 12 	 207 	 46.0 MHZ
6 	 12 	 208 	 46.22222222222222 MHZ
6 	 12 	 209 	 46.44444444444445 MHZ
6 	 12 	 210 	 46.666666666666664 MHZ
6 	 12 	 211 	 46.888888888888886 MHZ
6 	 12 	 212 	 47.111111111111114 MHZ
6 	 12 	 213 	 47.333333333333336 MHZ
6 	 12 	 214 	 47.55555555555555 MHZ
6 	 12 	 215 	 47.77777777777778 MHZ
6 	 12 	 216 	 48.0 MHZ
6 	 12 	 217 	 48.22222222222222 MHZ
6 	 12 	 218 	 48.44444444444445 MHZ
6 	 12 	 219 	 48.666666666666664 MHZ
6 	 12 	 220 	 48.888888888888886 MHZ
6 	 12 	 221 	 49.111111111111114 MHZ
6 	 12 	 222 	 49.333333333333336 MHZ
6 	 12 	 223 	 49.55555555555555 MHZ
6 	 12 	 224 	 49.77777777777778 MHZ
6 	 12 	 225 	 50.0 MHZ
6 	 12 	 226 	 50.22222222222222 MHZ
6 	 12 	 227 	 50.44444444444445 MHZ
6 	 12 	 228 	 50.666666666666664 MHZ
6 	 12 	 229 	 50.888888888888886 MHZ
6 	 12 	 230 	 51.111111111111114 MHZ
6 	 12 	 231 	 51.333333333333336 MHZ
6 	 12 	 232 	 51.55555555555555 MHZ
6 	 12 	 233 	 51.77777777777778 MHZ
6 	 12 	 234 	 52.0 MHZ
6 	 12 	 235 	 52.22222222222222 MHZ
6 	 12 	 236 	 52.44444444444445 MHZ
6 	 12 	 237 	 52.666666666666664 MHZ
6 	 12 	 238 	 52.888888888888886 MHZ
6 	 12 	 239 	 53.111111111111114 MHZ
6 	 12 	 240 	 53.333333333333336 MHZ
6 	 12 	 241 	 53.55555555555555 MHZ
6 	 12 	 242 	 53.77777777777778 MHZ
6 	 12 	 243 	 54.0 MHZ
6 	 12 	 244 	 54.22222222222222 MHZ
6 	 12 	 245 	 54.44444444444445 MHZ
6 	 12 	 246 	 54.666666666666664 MHZ
6 	 12 	 247 	 54.888888888888886 MHZ
6 	 12 	 248 	 55.111111111111114 MHZ
6 	 12 	 249 	 55.333333333333336 MHZ
6 	 12 	 250 	 55.55555555555555 MHZ
6 	 12 	 251 	 55.77777777777778 MHZ
6 	 12 	 252 	 56.0 MHZ
6 	 12 	 253 	 56.22222222222222 MHZ
6 	 12 	 254 	 56.44444444444445 MHZ
6 	 12 	 255 	 56.666666666666664 MHZ
6 	 12 	 256 	 56.888888888888886 MHZ
6 	 12 	 257 	 57.111111111111114 MHZ
6 	 12 	 258 	 57.333333333333336 MHZ
6 	 12 	 259 	 57.55555555555555 MHZ
6 	 12 	 260 	 57.77777777777778 MHZ
6 	 12 	 261 	 58.0 MHZ
6 	 12 	 262 	 58.22222222222222 MHZ
6 	 12 	 263 	 58.44444444444445 MHZ
6 	 12 	 264 	 58.666666666666664 MHZ
6 	 12 	 265 	 58.888888888888886 MHZ
6 	 12 	 266 	 59.111111111111114 MHZ
6 	 12 	 267 	 59.333333333333336 MHZ
6 	 12 	 268 	 59.55555555555555 MHZ
6 	 12 	 269 	 59.77777777777778 MHZ
6 	 12 	 270 	 60.0 MHZ
6 	 12 	 271 	 60.22222222222222 MHZ
6 	 12 	 272 	 60.44444444444445 MHZ
6 	 12 	 273 	 60.666666666666664 MHZ
6 	 12 	 274 	 60.888888888888886 MHZ
6 	 12 	 275 	 61.111111111111114 MHZ
6 	 12 	 276 	 61.333333333333336 MHZ
6 	 12 	 277 	 61.55555555555555 MHZ
6 	 12 	 278 	 61.77777777777778 MHZ
6 	 12 	 279 	 62.0 MHZ
6 	 12 	 280 	 62.22222222222222 MHZ
6 	 12 	 281 	 62.44444444444445 MHZ
6 	 12 	 282 	 62.666666666666664 MHZ
6 	 12 	 283 	 62.888888888888886 MHZ
6 	 12 	 284 	 63.111111111111114 MHZ
6 	 12 	 285 	 63.333333333333336 MHZ
6 	 12 	 286 	 63.55555555555555 MHZ
6 	 12 	 287 	 63.77777777777778 MHZ
6 	 12 	 288 	 64.0 MHZ
6 	 12 	 289 	 64.22222222222221 MHZ
6 	 12 	 290 	 64.44444444444444 MHZ
6 	 12 	 291 	 64.66666666666667 MHZ
6 	 12 	 292 	 64.88888888888889 MHZ
6 	 12 	 293 	 65.11111111111111 MHZ
6 	 12 	 294 	 65.33333333333333 MHZ
6 	 12 	 295 	 65.55555555555556 MHZ
6 	 12 	 296 	 65.77777777777779 MHZ
6 	 12 	 297 	 66.0 MHZ
6 	 12 	 298 	 66.22222222222221 MHZ
6 	 12 	 299 	 66.44444444444444 MHZ
6 	 12 	 300 	 66.66666666666667 MHZ
6 	 12 	 301 	 66.88888888888889 MHZ
6 	 12 	 302 	 67.11111111111111 MHZ
6 	 12 	 303 	 67.33333333333333 MHZ
6 	 12 	 304 	 67.55555555555556 MHZ
6 	 12 	 305 	 67.77777777777779 MHZ
6 	 12 	 306 	 68.0 MHZ
6 	 12 	 307 	 68.22222222222221 MHZ
6 	 12 	 308 	 68.44444444444444 MHZ
6 	 12 	 309 	 68.66666666666667 MHZ
6 	 12 	 310 	 68.88888888888889 MHZ
6 	 12 	 311 	 69.11111111111111 MHZ
6 	 12 	 312 	 69.33333333333333 MHZ
6 	 12 	 313 	 69.55555555555556 MHZ
6 	 12 	 314 	 69.77777777777779 MHZ
6 	 12 	 315 	 70.0 MHZ
6 	 12 	 316 	 70.22222222222221 MHZ
6 	 12 	 317 	 70.44444444444444 MHZ
6 	 12 	 318 	 70.66666666666667 MHZ
6 	 12 	 319 	 70.88888888888889 MHZ
6 	 12 	 320 	 71.11111111111111 MHZ
6 	 12 	 321 	 71.33333333333333 MHZ
6 	 12 	 322 	 71.55555555555556 MHZ
6 	 12 	 323 	 71.77777777777779 MHZ
6 	 12 	 324 	 72.0 MHZ
6 	 13 	 192 	 39.38461538461539 MHZ
6 	 13 	 193 	 39.58974358974359 MHZ
6 	 13 	 194 	 39.794871794871796 MHZ
6 	 13 	 195 	 40.0 MHZ
6 	 13 	 196 	 40.205128205128204 MHZ
6 	 13 	 197 	 40.41025641025641 MHZ
6 	 13 	 198 	 40.61538461538461 MHZ
6 	 13 	 199 	 40.820512820512825 MHZ
6 	 13 	 200 	 41.02564102564103 MHZ
6 	 13 	 201 	 41.23076923076923 MHZ
6 	 13 	 202 	 41.43589743589744 MHZ
6 	 13 	 203 	 41.64102564102564 MHZ
6 	 13 	 204 	 41.84615384615385 MHZ
6 	 13 	 205 	 42.05128205128205 MHZ
6 	 13 	 206 	 42.256410256410255 MHZ
6 	 13 	 207 	 42.46153846153846 MHZ
6 	 13 	 208 	 42.666666666666664 MHZ
6 	 13 	 209 	 42.87179487179487 MHZ
6 	 13 	 210 	 43.07692307692307 MHZ
6 	 13 	 211 	 43.28205128205128 MHZ
6 	 13 	 212 	 43.48717948717948 MHZ
6 	 13 	 213 	 43.692307692307686 MHZ
6 	 13 	 214 	 43.89743589743589 MHZ
6 	 13 	 215 	 44.10256410256411 MHZ
6 	 13 	 216 	 44.307692307692314 MHZ
6 	 13 	 217 	 44.51282051282052 MHZ
6 	 13 	 218 	 44.71794871794872 MHZ
6 	 13 	 219 	 44.92307692307693 MHZ
6 	 13 	 220 	 45.12820512820513 MHZ
6 	 13 	 221 	 45.333333333333336 MHZ
6 	 13 	 222 	 45.53846153846154 MHZ
6 	 13 	 223 	 45.743589743589745 MHZ
6 	 13 	 224 	 45.94871794871795 MHZ
6 	 13 	 225 	 46.15384615384615 MHZ
6 	 13 	 226 	 46.35897435897436 MHZ
6 	 13 	 227 	 46.56410256410256 MHZ
6 	 13 	 228 	 46.769230769230774 MHZ
6 	 13 	 229 	 46.97435897435898 MHZ
6 	 13 	 230 	 47.17948717948718 MHZ
6 	 13 	 231 	 47.38461538461539 MHZ
6 	 13 	 232 	 47.58974358974359 MHZ
6 	 13 	 233 	 47.794871794871796 MHZ
6 	 13 	 234 	 48.0 MHZ
6 	 13 	 235 	 48.205128205128204 MHZ
6 	 13 	 236 	 48.41025641025641 MHZ
6 	 13 	 237 	 48.61538461538461 MHZ
6 	 13 	 238 	 48.82051282051282 MHZ
6 	 13 	 239 	 49.02564102564102 MHZ
6 	 13 	 240 	 49.230769230769226 MHZ
6 	 13 	 241 	 49.43589743589744 MHZ
6 	 13 	 242 	 49.64102564102564 MHZ
6 	 13 	 243 	 49.84615384615385 MHZ
6 	 13 	 244 	 50.05128205128205 MHZ
6 	 13 	 245 	 50.256410256410255 MHZ
6 	 13 	 246 	 50.46153846153846 MHZ
6 	 13 	 247 	 50.666666666666664 MHZ
6 	 13 	 248 	 50.87179487179487 MHZ
6 	 13 	 249 	 51.07692307692307 MHZ
6 	 13 	 250 	 51.28205128205128 MHZ
6 	 13 	 251 	 51.48717948717948 MHZ
6 	 13 	 252 	 51.692307692307686 MHZ
6 	 13 	 253 	 51.89743589743589 MHZ
6 	 13 	 254 	 52.10256410256411 MHZ
6 	 13 	 255 	 52.307692307692314 MHZ
6 	 13 	 256 	 52.51282051282052 MHZ
6 	 13 	 257 	 52.71794871794872 MHZ
6 	 13 	 258 	 52.92307692307693 MHZ
6 	 13 	 259 	 53.12820512820513 MHZ
6 	 13 	 260 	 53.333333333333336 MHZ
6 	 13 	 261 	 53.53846153846154 MHZ
6 	 13 	 262 	 53.743589743589745 MHZ
6 	 13 	 263 	 53.94871794871795 MHZ
6 	 13 	 264 	 54.15384615384615 MHZ
6 	 13 	 265 	 54.35897435897436 MHZ
6 	 13 	 266 	 54.56410256410256 MHZ
6 	 13 	 267 	 54.769230769230774 MHZ
6 	 13 	 268 	 54.97435897435898 MHZ
6 	 13 	 269 	 55.17948717948718 MHZ
6 	 13 	 270 	 55.38461538461539 MHZ
6 	 13 	 271 	 55.58974358974359 MHZ
6 	 13 	 272 	 55.794871794871796 MHZ
6 	 13 	 273 	 56.0 MHZ
6 	 13 	 274 	 56.205128205128204 MHZ
6 	 13 	 275 	 56.41025641025641 MHZ
6 	 13 	 276 	 56.61538461538461 MHZ
6 	 13 	 277 	 56.82051282051282 MHZ
6 	 13 	 278 	 57.02564102564102 MHZ
6 	 13 	 279 	 57.230769230769226 MHZ
6 	 13 	 280 	 57.43589743589744 MHZ
6 	 13 	 281 	 57.64102564102564 MHZ
6 	 13 	 282 	 57.84615384615385 MHZ
6 	 13 	 283 	 58.05128205128205 MHZ
6 	 13 	 284 	 58.256410256410255 MHZ
6 	 13 	 285 	 58.46153846153846 MHZ
6 	 13 	 286 	 58.666666666666664 MHZ
6 	 13 	 287 	 58.87179487179487 MHZ
6 	 13 	 288 	 59.07692307692307 MHZ
6 	 13 	 289 	 59.28205128205128 MHZ
6 	 13 	 290 	 59.48717948717948 MHZ
6 	 13 	 291 	 59.692307692307686 MHZ
6 	 13 	 292 	 59.89743589743589 MHZ
6 	 13 	 293 	 60.10256410256411 MHZ
6 	 13 	 294 	 60.307692307692314 MHZ
6 	 13 	 295 	 60.51282051282052 MHZ
6 	 13 	 296 	 60.71794871794872 MHZ
6 	 13 	 297 	 60.92307692307693 MHZ
6 	 13 	 298 	 61.12820512820513 MHZ
6 	 13 	 299 	 61.333333333333336 MHZ
6 	 13 	 300 	 61.53846153846154 MHZ
6 	 13 	 301 	 61.743589743589745 MHZ
6 	 13 	 302 	 61.94871794871795 MHZ
6 	 13 	 303 	 62.15384615384615 MHZ
6 	 13 	 304 	 62.35897435897436 MHZ
6 	 13 	 305 	 62.56410256410256 MHZ
6 	 13 	 306 	 62.769230769230774 MHZ
6 	 13 	 307 	 62.97435897435898 MHZ
6 	 13 	 308 	 63.17948717948718 MHZ
6 	 13 	 309 	 63.38461538461539 MHZ
6 	 13 	 310 	 63.58974358974359 MHZ
6 	 13 	 311 	 63.794871794871796 MHZ
6 	 13 	 312 	 64.0 MHZ
6 	 13 	 313 	 64.2051282051282 MHZ
6 	 13 	 314 	 64.41025641025641 MHZ
6 	 13 	 315 	 64.61538461538461 MHZ
6 	 13 	 316 	 64.82051282051282 MHZ
6 	 13 	 317 	 65.02564102564102 MHZ
6 	 13 	 318 	 65.23076923076923 MHZ
6 	 13 	 319 	 65.43589743589745 MHZ
6 	 13 	 320 	 65.64102564102565 MHZ
6 	 13 	 321 	 65.84615384615385 MHZ
6 	 13 	 322 	 66.05128205128206 MHZ
6 	 13 	 323 	 66.25641025641026 MHZ
6 	 13 	 324 	 66.46153846153847 MHZ
6 	 13 	 325 	 66.66666666666667 MHZ
6 	 13 	 326 	 66.87179487179488 MHZ
6 	 13 	 327 	 67.07692307692308 MHZ
6 	 13 	 328 	 67.28205128205128 MHZ
6 	 13 	 329 	 67.48717948717949 MHZ
6 	 13 	 330 	 67.6923076923077 MHZ
6 	 13 	 331 	 67.8974358974359 MHZ
6 	 13 	 332 	 68.1025641025641 MHZ
6 	 13 	 333 	 68.3076923076923 MHZ
6 	 13 	 334 	 68.51282051282051 MHZ
6 	 13 	 335 	 68.71794871794872 MHZ
6 	 13 	 336 	 68.92307692307692 MHZ
6 	 13 	 337 	 69.12820512820512 MHZ
6 	 13 	 338 	 69.33333333333333 MHZ
6 	 13 	 339 	 69.53846153846153 MHZ
6 	 13 	 340 	 69.74358974358974 MHZ
6 	 13 	 341 	 69.94871794871794 MHZ
6 	 13 	 342 	 70.15384615384615 MHZ
6 	 13 	 343 	 70.35897435897435 MHZ
6 	 13 	 344 	 70.56410256410255 MHZ
6 	 13 	 345 	 70.76923076923077 MHZ
6 	 13 	 346 	 70.97435897435898 MHZ
6 	 13 	 347 	 71.17948717948718 MHZ
6 	 13 	 348 	 71.38461538461539 MHZ
6 	 13 	 349 	 71.58974358974359 MHZ
6 	 13 	 350 	 71.7948717948718 MHZ
6 	 13 	 351 	 72.0 MHZ
6 	 14 	 192 	 36.57142857142857 MHZ
6 	 14 	 193 	 36.761904761904766 MHZ
6 	 14 	 194 	 36.952380952380956 MHZ
6 	 14 	 195 	 37.142857142857146 MHZ
6 	 14 	 196 	 37.333333333333336 MHZ
6 	 14 	 197 	 37.523809523809526 MHZ
6 	 14 	 198 	 37.714285714285715 MHZ
6 	 14 	 199 	 37.904761904761905 MHZ
6 	 14 	 200 	 38.095238095238095 MHZ
6 	 14 	 201 	 38.285714285714285 MHZ
6 	 14 	 202 	 38.476190476190474 MHZ
6 	 14 	 203 	 38.666666666666664 MHZ
6 	 14 	 204 	 38.857142857142854 MHZ
6 	 14 	 205 	 39.047619047619044 MHZ
6 	 14 	 206 	 39.238095238095234 MHZ
6 	 14 	 207 	 39.42857142857143 MHZ
6 	 14 	 208 	 39.61904761904762 MHZ
6 	 14 	 209 	 39.80952380952381 MHZ
6 	 14 	 210 	 40.0 MHZ
6 	 14 	 211 	 40.19047619047619 MHZ
6 	 14 	 212 	 40.38095238095238 MHZ
6 	 14 	 213 	 40.57142857142857 MHZ
6 	 14 	 214 	 40.761904761904766 MHZ
6 	 14 	 215 	 40.952380952380956 MHZ
6 	 14 	 216 	 41.142857142857146 MHZ
6 	 14 	 217 	 41.333333333333336 MHZ
6 	 14 	 218 	 41.523809523809526 MHZ
6 	 14 	 219 	 41.714285714285715 MHZ
6 	 14 	 220 	 41.904761904761905 MHZ
6 	 14 	 221 	 42.095238095238095 MHZ
6 	 14 	 222 	 42.285714285714285 MHZ
6 	 14 	 223 	 42.476190476190474 MHZ
6 	 14 	 224 	 42.666666666666664 MHZ
6 	 14 	 225 	 42.85714285714286 MHZ
6 	 14 	 226 	 43.047619047619044 MHZ
6 	 14 	 227 	 43.23809523809524 MHZ
6 	 14 	 228 	 43.42857142857142 MHZ
6 	 14 	 229 	 43.61904761904762 MHZ
6 	 14 	 230 	 43.8095238095238 MHZ
6 	 14 	 231 	 44.0 MHZ
6 	 14 	 232 	 44.1904761904762 MHZ
6 	 14 	 233 	 44.38095238095238 MHZ
6 	 14 	 234 	 44.57142857142858 MHZ
6 	 14 	 235 	 44.76190476190476 MHZ
6 	 14 	 236 	 44.952380952380956 MHZ
6 	 14 	 237 	 45.14285714285714 MHZ
6 	 14 	 238 	 45.333333333333336 MHZ
6 	 14 	 239 	 45.523809523809526 MHZ
6 	 14 	 240 	 45.714285714285715 MHZ
6 	 14 	 241 	 45.904761904761905 MHZ
6 	 14 	 242 	 46.095238095238095 MHZ
6 	 14 	 243 	 46.285714285714285 MHZ
6 	 14 	 244 	 46.476190476190474 MHZ
6 	 14 	 245 	 46.666666666666664 MHZ
6 	 14 	 246 	 46.85714285714286 MHZ
6 	 14 	 247 	 47.047619047619044 MHZ
6 	 14 	 248 	 47.23809523809524 MHZ
6 	 14 	 249 	 47.42857142857142 MHZ
6 	 14 	 250 	 47.61904761904762 MHZ
6 	 14 	 251 	 47.8095238095238 MHZ
6 	 14 	 252 	 48.0 MHZ
6 	 14 	 253 	 48.1904761904762 MHZ
6 	 14 	 254 	 48.38095238095238 MHZ
6 	 14 	 255 	 48.57142857142858 MHZ
6 	 14 	 256 	 48.76190476190476 MHZ
6 	 14 	 257 	 48.952380952380956 MHZ
6 	 14 	 258 	 49.14285714285714 MHZ
6 	 14 	 259 	 49.333333333333336 MHZ
6 	 14 	 260 	 49.523809523809526 MHZ
6 	 14 	 261 	 49.714285714285715 MHZ
6 	 14 	 262 	 49.904761904761905 MHZ
6 	 14 	 263 	 50.095238095238095 MHZ
6 	 14 	 264 	 50.285714285714285 MHZ
6 	 14 	 265 	 50.476190476190474 MHZ
6 	 14 	 266 	 50.666666666666664 MHZ
6 	 14 	 267 	 50.85714285714286 MHZ
6 	 14 	 268 	 51.047619047619044 MHZ
6 	 14 	 269 	 51.23809523809524 MHZ
6 	 14 	 270 	 51.42857142857142 MHZ
6 	 14 	 271 	 51.61904761904762 MHZ
6 	 14 	 272 	 51.8095238095238 MHZ
6 	 14 	 273 	 52.0 MHZ
6 	 14 	 274 	 52.1904761904762 MHZ
6 	 14 	 275 	 52.38095238095238 MHZ
6 	 14 	 276 	 52.57142857142858 MHZ
6 	 14 	 277 	 52.76190476190476 MHZ
6 	 14 	 278 	 52.952380952380956 MHZ
6 	 14 	 279 	 53.14285714285714 MHZ
6 	 14 	 280 	 53.333333333333336 MHZ
6 	 14 	 281 	 53.523809523809526 MHZ
6 	 14 	 282 	 53.714285714285715 MHZ
6 	 14 	 283 	 53.904761904761905 MHZ
6 	 14 	 284 	 54.095238095238095 MHZ
6 	 14 	 285 	 54.285714285714285 MHZ
6 	 14 	 286 	 54.476190476190474 MHZ
6 	 14 	 287 	 54.666666666666664 MHZ
6 	 14 	 288 	 54.85714285714286 MHZ
6 	 14 	 289 	 55.047619047619044 MHZ
6 	 14 	 290 	 55.23809523809524 MHZ
6 	 14 	 291 	 55.42857142857142 MHZ
6 	 14 	 292 	 55.61904761904762 MHZ
6 	 14 	 293 	 55.8095238095238 MHZ
6 	 14 	 294 	 56.0 MHZ
6 	 14 	 295 	 56.1904761904762 MHZ
6 	 14 	 296 	 56.38095238095238 MHZ
6 	 14 	 297 	 56.57142857142858 MHZ
6 	 14 	 298 	 56.76190476190476 MHZ
6 	 14 	 299 	 56.952380952380956 MHZ
6 	 14 	 300 	 57.14285714285714 MHZ
6 	 14 	 301 	 57.333333333333336 MHZ
6 	 14 	 302 	 57.523809523809526 MHZ
6 	 14 	 303 	 57.714285714285715 MHZ
6 	 14 	 304 	 57.904761904761905 MHZ
6 	 14 	 305 	 58.095238095238095 MHZ
6 	 14 	 306 	 58.285714285714285 MHZ
6 	 14 	 307 	 58.476190476190474 MHZ
6 	 14 	 308 	 58.666666666666664 MHZ
6 	 14 	 309 	 58.85714285714286 MHZ
6 	 14 	 310 	 59.047619047619044 MHZ
6 	 14 	 311 	 59.23809523809524 MHZ
6 	 14 	 312 	 59.42857142857142 MHZ
6 	 14 	 313 	 59.61904761904762 MHZ
6 	 14 	 314 	 59.8095238095238 MHZ
6 	 14 	 315 	 60.0 MHZ
6 	 14 	 316 	 60.1904761904762 MHZ
6 	 14 	 317 	 60.38095238095238 MHZ
6 	 14 	 318 	 60.57142857142858 MHZ
6 	 14 	 319 	 60.76190476190476 MHZ
6 	 14 	 320 	 60.952380952380956 MHZ
6 	 14 	 321 	 61.14285714285714 MHZ
6 	 14 	 322 	 61.333333333333336 MHZ
6 	 14 	 323 	 61.523809523809526 MHZ
6 	 14 	 324 	 61.714285714285715 MHZ
6 	 14 	 325 	 61.904761904761905 MHZ
6 	 14 	 326 	 62.095238095238095 MHZ
6 	 14 	 327 	 62.285714285714285 MHZ
6 	 14 	 328 	 62.476190476190474 MHZ
6 	 14 	 329 	 62.666666666666664 MHZ
6 	 14 	 330 	 62.85714285714286 MHZ
6 	 14 	 331 	 63.047619047619044 MHZ
6 	 14 	 332 	 63.23809523809524 MHZ
6 	 14 	 333 	 63.42857142857142 MHZ
6 	 14 	 334 	 63.61904761904762 MHZ
6 	 14 	 335 	 63.8095238095238 MHZ
6 	 14 	 336 	 64.0 MHZ
6 	 14 	 337 	 64.19047619047619 MHZ
6 	 14 	 338 	 64.38095238095238 MHZ
6 	 14 	 339 	 64.57142857142857 MHZ
6 	 14 	 340 	 64.76190476190476 MHZ
6 	 14 	 341 	 64.95238095238095 MHZ
6 	 14 	 342 	 65.14285714285714 MHZ
6 	 14 	 343 	 65.33333333333333 MHZ
6 	 14 	 344 	 65.52380952380953 MHZ
6 	 14 	 345 	 65.71428571428571 MHZ
6 	 14 	 346 	 65.90476190476191 MHZ
6 	 14 	 347 	 66.09523809523809 MHZ
6 	 14 	 348 	 66.28571428571429 MHZ
6 	 14 	 349 	 66.47619047619047 MHZ
6 	 14 	 350 	 66.66666666666667 MHZ
6 	 14 	 351 	 66.85714285714286 MHZ
6 	 14 	 352 	 67.04761904761905 MHZ
6 	 14 	 353 	 67.23809523809524 MHZ
6 	 14 	 354 	 67.42857142857143 MHZ
6 	 14 	 355 	 67.61904761904762 MHZ
6 	 14 	 356 	 67.80952380952381 MHZ
6 	 14 	 357 	 68.0 MHZ
6 	 14 	 358 	 68.19047619047619 MHZ
6 	 14 	 359 	 68.38095238095238 MHZ
6 	 14 	 360 	 68.57142857142857 MHZ
6 	 14 	 361 	 68.76190476190476 MHZ
6 	 14 	 362 	 68.95238095238095 MHZ
6 	 14 	 363 	 69.14285714285714 MHZ
6 	 14 	 364 	 69.33333333333333 MHZ
6 	 14 	 365 	 69.52380952380953 MHZ
6 	 14 	 366 	 69.71428571428571 MHZ
6 	 14 	 367 	 69.90476190476191 MHZ
6 	 14 	 368 	 70.09523809523809 MHZ
6 	 14 	 369 	 70.28571428571429 MHZ
6 	 14 	 370 	 70.47619047619047 MHZ
6 	 14 	 371 	 70.66666666666667 MHZ
6 	 14 	 372 	 70.85714285714286 MHZ
6 	 14 	 373 	 71.04761904761905 MHZ
6 	 14 	 374 	 71.23809523809524 MHZ
6 	 14 	 375 	 71.42857142857143 MHZ
6 	 14 	 376 	 71.61904761904762 MHZ
6 	 14 	 377 	 71.80952380952381 MHZ
6 	 14 	 378 	 72.0 MHZ
6 	 15 	 192 	 34.13333333333333 MHZ
6 	 15 	 193 	 34.31111111111111 MHZ
6 	 15 	 194 	 34.48888888888889 MHZ
6 	 15 	 195 	 34.666666666666664 MHZ
6 	 15 	 196 	 34.84444444444444 MHZ
6 	 15 	 197 	 35.02222222222222 MHZ
6 	 15 	 198 	 35.199999999999996 MHZ
6 	 15 	 199 	 35.37777777777778 MHZ
6 	 15 	 200 	 35.55555555555556 MHZ
6 	 15 	 201 	 35.733333333333334 MHZ
6 	 15 	 202 	 35.91111111111111 MHZ
6 	 15 	 203 	 36.08888888888889 MHZ
6 	 15 	 204 	 36.266666666666666 MHZ
6 	 15 	 205 	 36.44444444444444 MHZ
6 	 15 	 206 	 36.62222222222222 MHZ
6 	 15 	 207 	 36.800000000000004 MHZ
6 	 15 	 208 	 36.97777777777778 MHZ
6 	 15 	 209 	 37.15555555555556 MHZ
6 	 15 	 210 	 37.333333333333336 MHZ
6 	 15 	 211 	 37.51111111111111 MHZ
6 	 15 	 212 	 37.68888888888889 MHZ
6 	 15 	 213 	 37.86666666666667 MHZ
6 	 15 	 214 	 38.044444444444444 MHZ
6 	 15 	 215 	 38.22222222222222 MHZ
6 	 15 	 216 	 38.4 MHZ
6 	 15 	 217 	 38.577777777777776 MHZ
6 	 15 	 218 	 38.75555555555555 MHZ
6 	 15 	 219 	 38.93333333333333 MHZ
6 	 15 	 220 	 39.11111111111111 MHZ
6 	 15 	 221 	 39.288888888888884 MHZ
6 	 15 	 222 	 39.46666666666667 MHZ
6 	 15 	 223 	 39.644444444444446 MHZ
6 	 15 	 224 	 39.82222222222222 MHZ
6 	 15 	 225 	 40.0 MHZ
6 	 15 	 226 	 40.17777777777778 MHZ
6 	 15 	 227 	 40.355555555555554 MHZ
6 	 15 	 228 	 40.53333333333333 MHZ
6 	 15 	 229 	 40.711111111111116 MHZ
6 	 15 	 230 	 40.88888888888889 MHZ
6 	 15 	 231 	 41.06666666666667 MHZ
6 	 15 	 232 	 41.24444444444445 MHZ
6 	 15 	 233 	 41.422222222222224 MHZ
6 	 15 	 234 	 41.6 MHZ
6 	 15 	 235 	 41.77777777777778 MHZ
6 	 15 	 236 	 41.955555555555556 MHZ
6 	 15 	 237 	 42.13333333333333 MHZ
6 	 15 	 238 	 42.31111111111111 MHZ
6 	 15 	 239 	 42.48888888888889 MHZ
6 	 15 	 240 	 42.666666666666664 MHZ
6 	 15 	 241 	 42.84444444444444 MHZ
6 	 15 	 242 	 43.02222222222222 MHZ
6 	 15 	 243 	 43.199999999999996 MHZ
6 	 15 	 244 	 43.37777777777777 MHZ
6 	 15 	 245 	 43.55555555555555 MHZ
6 	 15 	 246 	 43.73333333333333 MHZ
6 	 15 	 247 	 43.911111111111104 MHZ
6 	 15 	 248 	 44.088888888888896 MHZ
6 	 15 	 249 	 44.26666666666667 MHZ
6 	 15 	 250 	 44.44444444444445 MHZ
6 	 15 	 251 	 44.62222222222223 MHZ
6 	 15 	 252 	 44.800000000000004 MHZ
6 	 15 	 253 	 44.97777777777778 MHZ
6 	 15 	 254 	 45.15555555555556 MHZ
6 	 15 	 255 	 45.333333333333336 MHZ
6 	 15 	 256 	 45.51111111111111 MHZ
6 	 15 	 257 	 45.68888888888889 MHZ
6 	 15 	 258 	 45.86666666666667 MHZ
6 	 15 	 259 	 46.044444444444444 MHZ
6 	 15 	 260 	 46.22222222222222 MHZ
6 	 15 	 261 	 46.4 MHZ
6 	 15 	 262 	 46.577777777777776 MHZ
6 	 15 	 263 	 46.75555555555556 MHZ
6 	 15 	 264 	 46.93333333333334 MHZ
6 	 15 	 265 	 47.111111111111114 MHZ
6 	 15 	 266 	 47.28888888888889 MHZ
6 	 15 	 267 	 47.46666666666667 MHZ
6 	 15 	 268 	 47.644444444444446 MHZ
6 	 15 	 269 	 47.82222222222222 MHZ
6 	 15 	 270 	 48.0 MHZ
6 	 15 	 271 	 48.17777777777778 MHZ
6 	 15 	 272 	 48.355555555555554 MHZ
6 	 15 	 273 	 48.53333333333333 MHZ
6 	 15 	 274 	 48.71111111111111 MHZ
6 	 15 	 275 	 48.888888888888886 MHZ
6 	 15 	 276 	 49.06666666666666 MHZ
6 	 15 	 277 	 49.24444444444444 MHZ
6 	 15 	 278 	 49.422222222222224 MHZ
6 	 15 	 279 	 49.6 MHZ
6 	 15 	 280 	 49.77777777777778 MHZ
6 	 15 	 281 	 49.955555555555556 MHZ
6 	 15 	 282 	 50.13333333333333 MHZ
6 	 15 	 283 	 50.31111111111111 MHZ
6 	 15 	 284 	 50.48888888888889 MHZ
6 	 15 	 285 	 50.666666666666664 MHZ
6 	 15 	 286 	 50.84444444444444 MHZ
6 	 15 	 287 	 51.02222222222222 MHZ
6 	 15 	 288 	 51.199999999999996 MHZ
6 	 15 	 289 	 51.37777777777777 MHZ
6 	 15 	 290 	 51.55555555555555 MHZ
6 	 15 	 291 	 51.73333333333333 MHZ
6 	 15 	 292 	 51.911111111111104 MHZ
6 	 15 	 293 	 52.088888888888896 MHZ
6 	 15 	 294 	 52.26666666666667 MHZ
6 	 15 	 295 	 52.44444444444445 MHZ
6 	 15 	 296 	 52.62222222222223 MHZ
6 	 15 	 297 	 52.800000000000004 MHZ
6 	 15 	 298 	 52.97777777777778 MHZ
6 	 15 	 299 	 53.15555555555556 MHZ
6 	 15 	 300 	 53.333333333333336 MHZ
6 	 15 	 301 	 53.51111111111111 MHZ
6 	 15 	 302 	 53.68888888888889 MHZ
6 	 15 	 303 	 53.86666666666667 MHZ
6 	 15 	 304 	 54.044444444444444 MHZ
6 	 15 	 305 	 54.22222222222222 MHZ
6 	 15 	 306 	 54.4 MHZ
6 	 15 	 307 	 54.577777777777776 MHZ
6 	 15 	 308 	 54.75555555555556 MHZ
6 	 15 	 309 	 54.93333333333334 MHZ
6 	 15 	 310 	 55.111111111111114 MHZ
6 	 15 	 311 	 55.28888888888889 MHZ
6 	 15 	 312 	 55.46666666666667 MHZ
6 	 15 	 313 	 55.644444444444446 MHZ
6 	 15 	 314 	 55.82222222222222 MHZ
6 	 15 	 315 	 56.0 MHZ
6 	 15 	 316 	 56.17777777777778 MHZ
6 	 15 	 317 	 56.355555555555554 MHZ
6 	 15 	 318 	 56.53333333333333 MHZ
6 	 15 	 319 	 56.71111111111111 MHZ
6 	 15 	 320 	 56.888888888888886 MHZ
6 	 15 	 321 	 57.06666666666666 MHZ
6 	 15 	 322 	 57.24444444444444 MHZ
6 	 15 	 323 	 57.422222222222224 MHZ
6 	 15 	 324 	 57.6 MHZ
6 	 15 	 325 	 57.77777777777778 MHZ
6 	 15 	 326 	 57.955555555555556 MHZ
6 	 15 	 327 	 58.13333333333333 MHZ
6 	 15 	 328 	 58.31111111111111 MHZ
6 	 15 	 329 	 58.48888888888889 MHZ
6 	 15 	 330 	 58.666666666666664 MHZ
6 	 15 	 331 	 58.84444444444444 MHZ
6 	 15 	 332 	 59.02222222222222 MHZ
6 	 15 	 333 	 59.199999999999996 MHZ
6 	 15 	 334 	 59.37777777777777 MHZ
6 	 15 	 335 	 59.55555555555555 MHZ
6 	 15 	 336 	 59.73333333333333 MHZ
6 	 15 	 337 	 59.911111111111104 MHZ
6 	 15 	 338 	 60.088888888888896 MHZ
6 	 15 	 339 	 60.26666666666667 MHZ
6 	 15 	 340 	 60.44444444444445 MHZ
6 	 15 	 341 	 60.62222222222223 MHZ
6 	 15 	 342 	 60.800000000000004 MHZ
6 	 15 	 343 	 60.97777777777778 MHZ
6 	 15 	 344 	 61.15555555555556 MHZ
6 	 15 	 345 	 61.333333333333336 MHZ
6 	 15 	 346 	 61.51111111111111 MHZ
6 	 15 	 347 	 61.68888888888889 MHZ
6 	 15 	 348 	 61.86666666666667 MHZ
6 	 15 	 349 	 62.044444444444444 MHZ
6 	 15 	 350 	 62.22222222222222 MHZ
6 	 15 	 351 	 62.4 MHZ
6 	 15 	 352 	 62.577777777777776 MHZ
6 	 15 	 353 	 62.75555555555556 MHZ
6 	 15 	 354 	 62.93333333333334 MHZ
6 	 15 	 355 	 63.111111111111114 MHZ
6 	 15 	 356 	 63.28888888888889 MHZ
6 	 15 	 357 	 63.46666666666667 MHZ
6 	 15 	 358 	 63.644444444444446 MHZ
6 	 15 	 359 	 63.82222222222222 MHZ
6 	 15 	 360 	 64.0 MHZ
6 	 15 	 361 	 64.17777777777778 MHZ
6 	 15 	 362 	 64.35555555555555 MHZ
6 	 15 	 363 	 64.53333333333333 MHZ
6 	 15 	 364 	 64.71111111111111 MHZ
6 	 15 	 365 	 64.88888888888889 MHZ
6 	 15 	 366 	 65.06666666666666 MHZ
6 	 15 	 367 	 65.24444444444444 MHZ
6 	 15 	 368 	 65.42222222222223 MHZ
6 	 15 	 369 	 65.60000000000001 MHZ
6 	 15 	 370 	 65.77777777777779 MHZ
6 	 15 	 371 	 65.95555555555556 MHZ
6 	 15 	 372 	 66.13333333333334 MHZ
6 	 15 	 373 	 66.31111111111112 MHZ
6 	 15 	 374 	 66.4888888888889 MHZ
6 	 15 	 375 	 66.66666666666667 MHZ
6 	 15 	 376 	 66.84444444444445 MHZ
6 	 15 	 377 	 67.02222222222223 MHZ
6 	 15 	 378 	 67.2 MHZ
6 	 15 	 379 	 67.37777777777778 MHZ
6 	 15 	 380 	 67.55555555555556 MHZ
6 	 15 	 381 	 67.73333333333333 MHZ
6 	 15 	 382 	 67.91111111111111 MHZ
6 	 15 	 383 	 68.08888888888889 MHZ
6 	 15 	 384 	 68.26666666666667 MHZ
6 	 15 	 385 	 68.44444444444444 MHZ
6 	 15 	 386 	 68.62222222222222 MHZ
6 	 15 	 387 	 68.8 MHZ
6 	 15 	 388 	 68.97777777777777 MHZ
6 	 15 	 389 	 69.15555555555555 MHZ
6 	 15 	 390 	 69.33333333333333 MHZ
6 	 15 	 391 	 69.5111111111111 MHZ
6 	 15 	 392 	 69.68888888888888 MHZ
6 	 15 	 393 	 69.86666666666666 MHZ
6 	 15 	 394 	 70.04444444444444 MHZ
6 	 15 	 395 	 70.22222222222221 MHZ
6 	 15 	 396 	 70.39999999999999 MHZ
6 	 15 	 397 	 70.57777777777777 MHZ
6 	 15 	 398 	 70.75555555555556 MHZ
6 	 15 	 399 	 70.93333333333334 MHZ
6 	 15 	 400 	 71.11111111111111 MHZ
6 	 15 	 401 	 71.28888888888889 MHZ
6 	 15 	 402 	 71.46666666666667 MHZ
6 	 15 	 403 	 71.64444444444445 MHZ
6 	 15 	 404 	 71.82222222222222 MHZ
6 	 15 	 405 	 72.0 MHZ
6 	 16 	 192 	 32.0 MHZ
6 	 16 	 193 	 32.166666666666664 MHZ
6 	 16 	 194 	 32.333333333333336 MHZ
6 	 16 	 195 	 32.5 MHZ
6 	 16 	 196 	 32.666666666666664 MHZ
6 	 16 	 197 	 32.833333333333336 MHZ
6 	 16 	 198 	 33.0 MHZ
6 	 16 	 199 	 33.166666666666664 MHZ
6 	 16 	 200 	 33.333333333333336 MHZ
6 	 16 	 201 	 33.5 MHZ
6 	 16 	 202 	 33.666666666666664 MHZ
6 	 16 	 203 	 33.833333333333336 MHZ
6 	 16 	 204 	 34.0 MHZ
6 	 16 	 205 	 34.166666666666664 MHZ
6 	 16 	 206 	 34.333333333333336 MHZ
6 	 16 	 207 	 34.5 MHZ
6 	 16 	 208 	 34.666666666666664 MHZ
6 	 16 	 209 	 34.833333333333336 MHZ
6 	 16 	 210 	 35.0 MHZ
6 	 16 	 211 	 35.166666666666664 MHZ
6 	 16 	 212 	 35.333333333333336 MHZ
6 	 16 	 213 	 35.5 MHZ
6 	 16 	 214 	 35.666666666666664 MHZ
6 	 16 	 215 	 35.833333333333336 MHZ
6 	 16 	 216 	 36.0 MHZ
6 	 16 	 217 	 36.166666666666664 MHZ
6 	 16 	 218 	 36.333333333333336 MHZ
6 	 16 	 219 	 36.5 MHZ
6 	 16 	 220 	 36.666666666666664 MHZ
6 	 16 	 221 	 36.833333333333336 MHZ
6 	 16 	 222 	 37.0 MHZ
6 	 16 	 223 	 37.166666666666664 MHZ
6 	 16 	 224 	 37.333333333333336 MHZ
6 	 16 	 225 	 37.5 MHZ
6 	 16 	 226 	 37.666666666666664 MHZ
6 	 16 	 227 	 37.833333333333336 MHZ
6 	 16 	 228 	 38.0 MHZ
6 	 16 	 229 	 38.166666666666664 MHZ
6 	 16 	 230 	 38.333333333333336 MHZ
6 	 16 	 231 	 38.5 MHZ
6 	 16 	 232 	 38.666666666666664 MHZ
6 	 16 	 233 	 38.833333333333336 MHZ
6 	 16 	 234 	 39.0 MHZ
6 	 16 	 235 	 39.166666666666664 MHZ
6 	 16 	 236 	 39.333333333333336 MHZ
6 	 16 	 237 	 39.5 MHZ
6 	 16 	 238 	 39.666666666666664 MHZ
6 	 16 	 239 	 39.833333333333336 MHZ
6 	 16 	 240 	 40.0 MHZ
6 	 16 	 241 	 40.166666666666664 MHZ
6 	 16 	 242 	 40.333333333333336 MHZ
6 	 16 	 243 	 40.5 MHZ
6 	 16 	 244 	 40.666666666666664 MHZ
6 	 16 	 245 	 40.833333333333336 MHZ
6 	 16 	 246 	 41.0 MHZ
6 	 16 	 247 	 41.166666666666664 MHZ
6 	 16 	 248 	 41.333333333333336 MHZ
6 	 16 	 249 	 41.5 MHZ
6 	 16 	 250 	 41.666666666666664 MHZ
6 	 16 	 251 	 41.833333333333336 MHZ
6 	 16 	 252 	 42.0 MHZ
6 	 16 	 253 	 42.166666666666664 MHZ
6 	 16 	 254 	 42.333333333333336 MHZ
6 	 16 	 255 	 42.5 MHZ
6 	 16 	 256 	 42.666666666666664 MHZ
6 	 16 	 257 	 42.833333333333336 MHZ
6 	 16 	 258 	 43.0 MHZ
6 	 16 	 259 	 43.166666666666664 MHZ
6 	 16 	 260 	 43.333333333333336 MHZ
6 	 16 	 261 	 43.5 MHZ
6 	 16 	 262 	 43.666666666666664 MHZ
6 	 16 	 263 	 43.833333333333336 MHZ
6 	 16 	 264 	 44.0 MHZ
6 	 16 	 265 	 44.166666666666664 MHZ
6 	 16 	 266 	 44.333333333333336 MHZ
6 	 16 	 267 	 44.5 MHZ
6 	 16 	 268 	 44.666666666666664 MHZ
6 	 16 	 269 	 44.833333333333336 MHZ
6 	 16 	 270 	 45.0 MHZ
6 	 16 	 271 	 45.166666666666664 MHZ
6 	 16 	 272 	 45.333333333333336 MHZ
6 	 16 	 273 	 45.5 MHZ
6 	 16 	 274 	 45.666666666666664 MHZ
6 	 16 	 275 	 45.833333333333336 MHZ
6 	 16 	 276 	 46.0 MHZ
6 	 16 	 277 	 46.166666666666664 MHZ
6 	 16 	 278 	 46.333333333333336 MHZ
6 	 16 	 279 	 46.5 MHZ
6 	 16 	 280 	 46.666666666666664 MHZ
6 	 16 	 281 	 46.833333333333336 MHZ
6 	 16 	 282 	 47.0 MHZ
6 	 16 	 283 	 47.166666666666664 MHZ
6 	 16 	 284 	 47.333333333333336 MHZ
6 	 16 	 285 	 47.5 MHZ
6 	 16 	 286 	 47.666666666666664 MHZ
6 	 16 	 287 	 47.833333333333336 MHZ
6 	 16 	 288 	 48.0 MHZ
6 	 16 	 289 	 48.166666666666664 MHZ
6 	 16 	 290 	 48.333333333333336 MHZ
6 	 16 	 291 	 48.5 MHZ
6 	 16 	 292 	 48.666666666666664 MHZ
6 	 16 	 293 	 48.833333333333336 MHZ
6 	 16 	 294 	 49.0 MHZ
6 	 16 	 295 	 49.166666666666664 MHZ
6 	 16 	 296 	 49.333333333333336 MHZ
6 	 16 	 297 	 49.5 MHZ
6 	 16 	 298 	 49.666666666666664 MHZ
6 	 16 	 299 	 49.833333333333336 MHZ
6 	 16 	 300 	 50.0 MHZ
6 	 16 	 301 	 50.166666666666664 MHZ
6 	 16 	 302 	 50.333333333333336 MHZ
6 	 16 	 303 	 50.5 MHZ
6 	 16 	 304 	 50.666666666666664 MHZ
6 	 16 	 305 	 50.833333333333336 MHZ
6 	 16 	 306 	 51.0 MHZ
6 	 16 	 307 	 51.166666666666664 MHZ
6 	 16 	 308 	 51.333333333333336 MHZ
6 	 16 	 309 	 51.5 MHZ
6 	 16 	 310 	 51.666666666666664 MHZ
6 	 16 	 311 	 51.833333333333336 MHZ
6 	 16 	 312 	 52.0 MHZ
6 	 16 	 313 	 52.166666666666664 MHZ
6 	 16 	 314 	 52.333333333333336 MHZ
6 	 16 	 315 	 52.5 MHZ
6 	 16 	 316 	 52.666666666666664 MHZ
6 	 16 	 317 	 52.833333333333336 MHZ
6 	 16 	 318 	 53.0 MHZ
6 	 16 	 319 	 53.166666666666664 MHZ
6 	 16 	 320 	 53.333333333333336 MHZ
6 	 16 	 321 	 53.5 MHZ
6 	 16 	 322 	 53.666666666666664 MHZ
6 	 16 	 323 	 53.833333333333336 MHZ
6 	 16 	 324 	 54.0 MHZ
6 	 16 	 325 	 54.166666666666664 MHZ
6 	 16 	 326 	 54.333333333333336 MHZ
6 	 16 	 327 	 54.5 MHZ
6 	 16 	 328 	 54.666666666666664 MHZ
6 	 16 	 329 	 54.833333333333336 MHZ
6 	 16 	 330 	 55.0 MHZ
6 	 16 	 331 	 55.166666666666664 MHZ
6 	 16 	 332 	 55.333333333333336 MHZ
6 	 16 	 333 	 55.5 MHZ
6 	 16 	 334 	 55.666666666666664 MHZ
6 	 16 	 335 	 55.833333333333336 MHZ
6 	 16 	 336 	 56.0 MHZ
6 	 16 	 337 	 56.166666666666664 MHZ
6 	 16 	 338 	 56.333333333333336 MHZ
6 	 16 	 339 	 56.5 MHZ
6 	 16 	 340 	 56.666666666666664 MHZ
6 	 16 	 341 	 56.833333333333336 MHZ
6 	 16 	 342 	 57.0 MHZ
6 	 16 	 343 	 57.166666666666664 MHZ
6 	 16 	 344 	 57.333333333333336 MHZ
6 	 16 	 345 	 57.5 MHZ
6 	 16 	 346 	 57.666666666666664 MHZ
6 	 16 	 347 	 57.833333333333336 MHZ
6 	 16 	 348 	 58.0 MHZ
6 	 16 	 349 	 58.166666666666664 MHZ
6 	 16 	 350 	 58.333333333333336 MHZ
6 	 16 	 351 	 58.5 MHZ
6 	 16 	 352 	 58.666666666666664 MHZ
6 	 16 	 353 	 58.833333333333336 MHZ
6 	 16 	 354 	 59.0 MHZ
6 	 16 	 355 	 59.166666666666664 MHZ
6 	 16 	 356 	 59.333333333333336 MHZ
6 	 16 	 357 	 59.5 MHZ
6 	 16 	 358 	 59.666666666666664 MHZ
6 	 16 	 359 	 59.833333333333336 MHZ
6 	 16 	 360 	 60.0 MHZ
6 	 16 	 361 	 60.166666666666664 MHZ
6 	 16 	 362 	 60.333333333333336 MHZ
6 	 16 	 363 	 60.5 MHZ
6 	 16 	 364 	 60.666666666666664 MHZ
6 	 16 	 365 	 60.833333333333336 MHZ
6 	 16 	 366 	 61.0 MHZ
6 	 16 	 367 	 61.166666666666664 MHZ
6 	 16 	 368 	 61.333333333333336 MHZ
6 	 16 	 369 	 61.5 MHZ
6 	 16 	 370 	 61.666666666666664 MHZ
6 	 16 	 371 	 61.833333333333336 MHZ
6 	 16 	 372 	 62.0 MHZ
6 	 16 	 373 	 62.166666666666664 MHZ
6 	 16 	 374 	 62.333333333333336 MHZ
6 	 16 	 375 	 62.5 MHZ
6 	 16 	 376 	 62.666666666666664 MHZ
6 	 16 	 377 	 62.833333333333336 MHZ
6 	 16 	 378 	 63.0 MHZ
6 	 16 	 379 	 63.166666666666664 MHZ
6 	 16 	 380 	 63.333333333333336 MHZ
6 	 16 	 381 	 63.5 MHZ
6 	 16 	 382 	 63.666666666666664 MHZ
6 	 16 	 383 	 63.833333333333336 MHZ
6 	 16 	 384 	 64.0 MHZ
6 	 16 	 385 	 64.16666666666667 MHZ
6 	 16 	 386 	 64.33333333333333 MHZ
6 	 16 	 387 	 64.5 MHZ
6 	 16 	 388 	 64.66666666666667 MHZ
6 	 16 	 389 	 64.83333333333333 MHZ
6 	 16 	 390 	 65.0 MHZ
6 	 16 	 391 	 65.16666666666667 MHZ
6 	 16 	 392 	 65.33333333333333 MHZ
6 	 16 	 393 	 65.5 MHZ
6 	 16 	 394 	 65.66666666666667 MHZ
6 	 16 	 395 	 65.83333333333333 MHZ
6 	 16 	 396 	 66.0 MHZ
6 	 16 	 397 	 66.16666666666667 MHZ
6 	 16 	 398 	 66.33333333333333 MHZ
6 	 16 	 399 	 66.5 MHZ
6 	 16 	 400 	 66.66666666666667 MHZ
6 	 16 	 401 	 66.83333333333333 MHZ
6 	 16 	 402 	 67.0 MHZ
6 	 16 	 403 	 67.16666666666667 MHZ
6 	 16 	 404 	 67.33333333333333 MHZ
6 	 16 	 405 	 67.5 MHZ
6 	 16 	 406 	 67.66666666666667 MHZ
6 	 16 	 407 	 67.83333333333333 MHZ
6 	 16 	 408 	 68.0 MHZ
6 	 16 	 409 	 68.16666666666667 MHZ
6 	 16 	 410 	 68.33333333333333 MHZ
6 	 16 	 411 	 68.5 MHZ
6 	 16 	 412 	 68.66666666666667 MHZ
6 	 16 	 413 	 68.83333333333333 MHZ
6 	 16 	 414 	 69.0 MHZ
6 	 16 	 415 	 69.16666666666667 MHZ
6 	 16 	 416 	 69.33333333333333 MHZ
6 	 16 	 417 	 69.5 MHZ
6 	 16 	 418 	 69.66666666666667 MHZ
6 	 16 	 419 	 69.83333333333333 MHZ
6 	 16 	 420 	 70.0 MHZ
6 	 16 	 421 	 70.16666666666667 MHZ
6 	 16 	 422 	 70.33333333333333 MHZ
6 	 16 	 423 	 70.5 MHZ
6 	 16 	 424 	 70.66666666666667 MHZ
6 	 16 	 425 	 70.83333333333333 MHZ
6 	 16 	 426 	 71.0 MHZ
6 	 16 	 427 	 71.16666666666667 MHZ
6 	 16 	 428 	 71.33333333333333 MHZ
6 	 16 	 429 	 71.5 MHZ
6 	 16 	 430 	 71.66666666666667 MHZ
6 	 16 	 431 	 71.83333333333333 MHZ
6 	 16 	 432 	 72.0 MHZ
8 	 8 	 192 	 48.0 MHZ
8 	 8 	 193 	 48.25 MHZ
8 	 8 	 194 	 48.5 MHZ
8 	 8 	 195 	 48.75 MHZ
8 	 8 	 196 	 49.0 MHZ
8 	 8 	 197 	 49.25 MHZ
8 	 8 	 198 	 49.5 MHZ
8 	 8 	 199 	 49.75 MHZ
8 	 8 	 200 	 50.0 MHZ
8 	 8 	 201 	 50.25 MHZ
8 	 8 	 202 	 50.5 MHZ
8 	 8 	 203 	 50.75 MHZ
8 	 8 	 204 	 51.0 MHZ
8 	 8 	 205 	 51.25 MHZ
8 	 8 	 206 	 51.5 MHZ
8 	 8 	 207 	 51.75 MHZ
8 	 8 	 208 	 52.0 MHZ
8 	 8 	 209 	 52.25 MHZ
8 	 8 	 210 	 52.5 MHZ
8 	 8 	 211 	 52.75 MHZ
8 	 8 	 212 	 53.0 MHZ
8 	 8 	 213 	 53.25 MHZ
8 	 8 	 214 	 53.5 MHZ
8 	 8 	 215 	 53.75 MHZ
8 	 8 	 216 	 54.0 MHZ
8 	 9 	 192 	 42.666666666666664 MHZ
8 	 9 	 193 	 42.888888888888886 MHZ
8 	 9 	 194 	 43.111111111111114 MHZ
8 	 9 	 195 	 43.333333333333336 MHZ
8 	 9 	 196 	 43.55555555555556 MHZ
8 	 9 	 197 	 43.77777777777778 MHZ
8 	 9 	 198 	 44.0 MHZ
8 	 9 	 199 	 44.22222222222222 MHZ
8 	 9 	 200 	 44.44444444444444 MHZ
8 	 9 	 201 	 44.666666666666664 MHZ
8 	 9 	 202 	 44.888888888888886 MHZ
8 	 9 	 203 	 45.111111111111114 MHZ
8 	 9 	 204 	 45.333333333333336 MHZ
8 	 9 	 205 	 45.55555555555556 MHZ
8 	 9 	 206 	 45.77777777777778 MHZ
8 	 9 	 207 	 46.0 MHZ
8 	 9 	 208 	 46.22222222222222 MHZ
8 	 9 	 209 	 46.44444444444444 MHZ
8 	 9 	 210 	 46.666666666666664 MHZ
8 	 9 	 211 	 46.888888888888886 MHZ
8 	 9 	 212 	 47.111111111111114 MHZ
8 	 9 	 213 	 47.333333333333336 MHZ
8 	 9 	 214 	 47.55555555555556 MHZ
8 	 9 	 215 	 47.77777777777778 MHZ
8 	 9 	 216 	 48.0 MHZ
8 	 9 	 217 	 48.22222222222222 MHZ
8 	 9 	 218 	 48.44444444444444 MHZ
8 	 9 	 219 	 48.666666666666664 MHZ
8 	 9 	 220 	 48.888888888888886 MHZ
8 	 9 	 221 	 49.111111111111114 MHZ
8 	 9 	 222 	 49.333333333333336 MHZ
8 	 9 	 223 	 49.55555555555556 MHZ
8 	 9 	 224 	 49.77777777777778 MHZ
8 	 9 	 225 	 50.0 MHZ
8 	 9 	 226 	 50.22222222222222 MHZ
8 	 9 	 227 	 50.44444444444444 MHZ
8 	 9 	 228 	 50.666666666666664 MHZ
8 	 9 	 229 	 50.888888888888886 MHZ
8 	 9 	 230 	 51.111111111111114 MHZ
8 	 9 	 231 	 51.333333333333336 MHZ
8 	 9 	 232 	 51.55555555555556 MHZ
8 	 9 	 233 	 51.77777777777778 MHZ
8 	 9 	 234 	 52.0 MHZ
8 	 9 	 235 	 52.22222222222222 MHZ
8 	 9 	 236 	 52.44444444444444 MHZ
8 	 9 	 237 	 52.666666666666664 MHZ
8 	 9 	 238 	 52.888888888888886 MHZ
8 	 9 	 239 	 53.111111111111114 MHZ
8 	 9 	 240 	 53.333333333333336 MHZ
8 	 9 	 241 	 53.55555555555556 MHZ
8 	 9 	 242 	 53.77777777777778 MHZ
8 	 9 	 243 	 54.0 MHZ
8 	 10 	 192 	 38.4 MHZ
8 	 10 	 193 	 38.6 MHZ
8 	 10 	 194 	 38.8 MHZ
8 	 10 	 195 	 39.0 MHZ
8 	 10 	 196 	 39.2 MHZ
8 	 10 	 197 	 39.4 MHZ
8 	 10 	 198 	 39.6 MHZ
8 	 10 	 199 	 39.8 MHZ
8 	 10 	 200 	 40.0 MHZ
8 	 10 	 201 	 40.2 MHZ
8 	 10 	 202 	 40.4 MHZ
8 	 10 	 203 	 40.6 MHZ
8 	 10 	 204 	 40.8 MHZ
8 	 10 	 205 	 41.0 MHZ
8 	 10 	 206 	 41.2 MHZ
8 	 10 	 207 	 41.4 MHZ
8 	 10 	 208 	 41.6 MHZ
8 	 10 	 209 	 41.8 MHZ
8 	 10 	 210 	 42.0 MHZ
8 	 10 	 211 	 42.2 MHZ
8 	 10 	 212 	 42.4 MHZ
8 	 10 	 213 	 42.6 MHZ
8 	 10 	 214 	 42.8 MHZ
8 	 10 	 215 	 43.0 MHZ
8 	 10 	 216 	 43.2 MHZ
8 	 10 	 217 	 43.4 MHZ
8 	 10 	 218 	 43.6 MHZ
8 	 10 	 219 	 43.8 MHZ
8 	 10 	 220 	 44.0 MHZ
8 	 10 	 221 	 44.2 MHZ
8 	 10 	 222 	 44.4 MHZ
8 	 10 	 223 	 44.6 MHZ
8 	 10 	 224 	 44.8 MHZ
8 	 10 	 225 	 45.0 MHZ
8 	 10 	 226 	 45.2 MHZ
8 	 10 	 227 	 45.4 MHZ
8 	 10 	 228 	 45.6 MHZ
8 	 10 	 229 	 45.8 MHZ
8 	 10 	 230 	 46.0 MHZ
8 	 10 	 231 	 46.2 MHZ
8 	 10 	 232 	 46.4 MHZ
8 	 10 	 233 	 46.6 MHZ
8 	 10 	 234 	 46.8 MHZ
8 	 10 	 235 	 47.0 MHZ
8 	 10 	 236 	 47.2 MHZ
8 	 10 	 237 	 47.4 MHZ
8 	 10 	 238 	 47.6 MHZ
8 	 10 	 239 	 47.8 MHZ
8 	 10 	 240 	 48.0 MHZ
8 	 10 	 241 	 48.2 MHZ
8 	 10 	 242 	 48.4 MHZ
8 	 10 	 243 	 48.6 MHZ
8 	 10 	 244 	 48.8 MHZ
8 	 10 	 245 	 49.0 MHZ
8 	 10 	 246 	 49.2 MHZ
8 	 10 	 247 	 49.4 MHZ
8 	 10 	 248 	 49.6 MHZ
8 	 10 	 249 	 49.8 MHZ
8 	 10 	 250 	 50.0 MHZ
8 	 10 	 251 	 50.2 MHZ
8 	 10 	 252 	 50.4 MHZ
8 	 10 	 253 	 50.6 MHZ
8 	 10 	 254 	 50.8 MHZ
8 	 10 	 255 	 51.0 MHZ
8 	 10 	 256 	 51.2 MHZ
8 	 10 	 257 	 51.4 MHZ
8 	 10 	 258 	 51.6 MHZ
8 	 10 	 259 	 51.8 MHZ
8 	 10 	 260 	 52.0 MHZ
8 	 10 	 261 	 52.2 MHZ
8 	 10 	 262 	 52.4 MHZ
8 	 10 	 263 	 52.6 MHZ
8 	 10 	 264 	 52.8 MHZ
8 	 10 	 265 	 53.0 MHZ
8 	 10 	 266 	 53.2 MHZ
8 	 10 	 267 	 53.4 MHZ
8 	 10 	 268 	 53.6 MHZ
8 	 10 	 269 	 53.8 MHZ
8 	 10 	 270 	 54.0 MHZ
8 	 11 	 192 	 34.90909090909091 MHZ
8 	 11 	 193 	 35.09090909090909 MHZ
8 	 11 	 194 	 35.27272727272727 MHZ
8 	 11 	 195 	 35.45454545454545 MHZ
8 	 11 	 196 	 35.63636363636363 MHZ
8 	 11 	 197 	 35.81818181818182 MHZ
8 	 11 	 198 	 36.0 MHZ
8 	 11 	 199 	 36.18181818181818 MHZ
8 	 11 	 200 	 36.36363636363637 MHZ
8 	 11 	 201 	 36.54545454545455 MHZ
8 	 11 	 202 	 36.72727272727273 MHZ
8 	 11 	 203 	 36.90909090909091 MHZ
8 	 11 	 204 	 37.09090909090909 MHZ
8 	 11 	 205 	 37.27272727272727 MHZ
8 	 11 	 206 	 37.45454545454545 MHZ
8 	 11 	 207 	 37.63636363636363 MHZ
8 	 11 	 208 	 37.81818181818182 MHZ
8 	 11 	 209 	 38.0 MHZ
8 	 11 	 210 	 38.18181818181818 MHZ
8 	 11 	 211 	 38.36363636363637 MHZ
8 	 11 	 212 	 38.54545454545455 MHZ
8 	 11 	 213 	 38.72727272727273 MHZ
8 	 11 	 214 	 38.90909090909091 MHZ
8 	 11 	 215 	 39.09090909090909 MHZ
8 	 11 	 216 	 39.27272727272727 MHZ
8 	 11 	 217 	 39.45454545454545 MHZ
8 	 11 	 218 	 39.63636363636363 MHZ
8 	 11 	 219 	 39.81818181818182 MHZ
8 	 11 	 220 	 40.0 MHZ
8 	 11 	 221 	 40.18181818181818 MHZ
8 	 11 	 222 	 40.36363636363637 MHZ
8 	 11 	 223 	 40.54545454545455 MHZ
8 	 11 	 224 	 40.72727272727273 MHZ
8 	 11 	 225 	 40.90909090909091 MHZ
8 	 11 	 226 	 41.09090909090909 MHZ
8 	 11 	 227 	 41.27272727272727 MHZ
8 	 11 	 228 	 41.45454545454545 MHZ
8 	 11 	 229 	 41.63636363636363 MHZ
8 	 11 	 230 	 41.81818181818182 MHZ
8 	 11 	 231 	 42.0 MHZ
8 	 11 	 232 	 42.18181818181818 MHZ
8 	 11 	 233 	 42.36363636363637 MHZ
8 	 11 	 234 	 42.54545454545455 MHZ
8 	 11 	 235 	 42.72727272727273 MHZ
8 	 11 	 236 	 42.90909090909091 MHZ
8 	 11 	 237 	 43.09090909090909 MHZ
8 	 11 	 238 	 43.27272727272727 MHZ
8 	 11 	 239 	 43.45454545454545 MHZ
8 	 11 	 240 	 43.63636363636363 MHZ
8 	 11 	 241 	 43.81818181818182 MHZ
8 	 11 	 242 	 44.0 MHZ
8 	 11 	 243 	 44.18181818181818 MHZ
8 	 11 	 244 	 44.36363636363637 MHZ
8 	 11 	 245 	 44.54545454545455 MHZ
8 	 11 	 246 	 44.72727272727273 MHZ
8 	 11 	 247 	 44.90909090909091 MHZ
8 	 11 	 248 	 45.09090909090909 MHZ
8 	 11 	 249 	 45.27272727272727 MHZ
8 	 11 	 250 	 45.45454545454545 MHZ
8 	 11 	 251 	 45.63636363636363 MHZ
8 	 11 	 252 	 45.81818181818182 MHZ
8 	 11 	 253 	 46.0 MHZ
8 	 11 	 254 	 46.18181818181818 MHZ
8 	 11 	 255 	 46.36363636363637 MHZ
8 	 11 	 256 	 46.54545454545455 MHZ
8 	 11 	 257 	 46.72727272727273 MHZ
8 	 11 	 258 	 46.90909090909091 MHZ
8 	 11 	 259 	 47.09090909090909 MHZ
8 	 11 	 260 	 47.27272727272727 MHZ
8 	 11 	 261 	 47.45454545454545 MHZ
8 	 11 	 262 	 47.63636363636363 MHZ
8 	 11 	 263 	 47.81818181818182 MHZ
8 	 11 	 264 	 48.0 MHZ
8 	 11 	 265 	 48.18181818181818 MHZ
8 	 11 	 266 	 48.36363636363637 MHZ
8 	 11 	 267 	 48.54545454545455 MHZ
8 	 11 	 268 	 48.72727272727273 MHZ
8 	 11 	 269 	 48.90909090909091 MHZ
8 	 11 	 270 	 49.09090909090909 MHZ
8 	 11 	 271 	 49.27272727272727 MHZ
8 	 11 	 272 	 49.45454545454545 MHZ
8 	 11 	 273 	 49.63636363636363 MHZ
8 	 11 	 274 	 49.81818181818182 MHZ
8 	 11 	 275 	 50.0 MHZ
8 	 11 	 276 	 50.18181818181818 MHZ
8 	 11 	 277 	 50.36363636363637 MHZ
8 	 11 	 278 	 50.54545454545455 MHZ
8 	 11 	 279 	 50.72727272727273 MHZ
8 	 11 	 280 	 50.90909090909091 MHZ
8 	 11 	 281 	 51.09090909090909 MHZ
8 	 11 	 282 	 51.27272727272727 MHZ
8 	 11 	 283 	 51.45454545454545 MHZ
8 	 11 	 284 	 51.63636363636363 MHZ
8 	 11 	 285 	 51.81818181818182 MHZ
8 	 11 	 286 	 52.0 MHZ
8 	 11 	 287 	 52.18181818181818 MHZ
8 	 11 	 288 	 52.36363636363637 MHZ
8 	 11 	 289 	 52.54545454545455 MHZ
8 	 11 	 290 	 52.72727272727273 MHZ
8 	 11 	 291 	 52.90909090909091 MHZ
8 	 11 	 292 	 53.09090909090909 MHZ
8 	 11 	 293 	 53.27272727272727 MHZ
8 	 11 	 294 	 53.45454545454545 MHZ
8 	 11 	 295 	 53.63636363636363 MHZ
8 	 11 	 296 	 53.81818181818182 MHZ
8 	 11 	 297 	 54.0 MHZ
8 	 12 	 192 	 32.0 MHZ
8 	 12 	 193 	 32.166666666666664 MHZ
8 	 12 	 194 	 32.333333333333336 MHZ
8 	 12 	 195 	 32.5 MHZ
8 	 12 	 196 	 32.666666666666664 MHZ
8 	 12 	 197 	 32.833333333333336 MHZ
8 	 12 	 198 	 33.0 MHZ
8 	 12 	 199 	 33.166666666666664 MHZ
8 	 12 	 200 	 33.333333333333336 MHZ
8 	 12 	 201 	 33.5 MHZ
8 	 12 	 202 	 33.666666666666664 MHZ
8 	 12 	 203 	 33.833333333333336 MHZ
8 	 12 	 204 	 34.0 MHZ
8 	 12 	 205 	 34.166666666666664 MHZ
8 	 12 	 206 	 34.333333333333336 MHZ
8 	 12 	 207 	 34.5 MHZ
8 	 12 	 208 	 34.666666666666664 MHZ
8 	 12 	 209 	 34.833333333333336 MHZ
8 	 12 	 210 	 35.0 MHZ
8 	 12 	 211 	 35.166666666666664 MHZ
8 	 12 	 212 	 35.333333333333336 MHZ
8 	 12 	 213 	 35.5 MHZ
8 	 12 	 214 	 35.666666666666664 MHZ
8 	 12 	 215 	 35.833333333333336 MHZ
8 	 12 	 216 	 36.0 MHZ
8 	 12 	 217 	 36.166666666666664 MHZ
8 	 12 	 218 	 36.333333333333336 MHZ
8 	 12 	 219 	 36.5 MHZ
8 	 12 	 220 	 36.666666666666664 MHZ
8 	 12 	 221 	 36.833333333333336 MHZ
8 	 12 	 222 	 37.0 MHZ
8 	 12 	 223 	 37.166666666666664 MHZ
8 	 12 	 224 	 37.333333333333336 MHZ
8 	 12 	 225 	 37.5 MHZ
8 	 12 	 226 	 37.666666666666664 MHZ
8 	 12 	 227 	 37.833333333333336 MHZ
8 	 12 	 228 	 38.0 MHZ
8 	 12 	 229 	 38.166666666666664 MHZ
8 	 12 	 230 	 38.333333333333336 MHZ
8 	 12 	 231 	 38.5 MHZ
8 	 12 	 232 	 38.666666666666664 MHZ
8 	 12 	 233 	 38.833333333333336 MHZ
8 	 12 	 234 	 39.0 MHZ
8 	 12 	 235 	 39.166666666666664 MHZ
8 	 12 	 236 	 39.333333333333336 MHZ
8 	 12 	 237 	 39.5 MHZ
8 	 12 	 238 	 39.666666666666664 MHZ
8 	 12 	 239 	 39.833333333333336 MHZ
8 	 12 	 240 	 40.0 MHZ
8 	 12 	 241 	 40.166666666666664 MHZ
8 	 12 	 242 	 40.333333333333336 MHZ
8 	 12 	 243 	 40.5 MHZ
8 	 12 	 244 	 40.666666666666664 MHZ
8 	 12 	 245 	 40.833333333333336 MHZ
8 	 12 	 246 	 41.0 MHZ
8 	 12 	 247 	 41.166666666666664 MHZ
8 	 12 	 248 	 41.333333333333336 MHZ
8 	 12 	 249 	 41.5 MHZ
8 	 12 	 250 	 41.666666666666664 MHZ
8 	 12 	 251 	 41.833333333333336 MHZ
8 	 12 	 252 	 42.0 MHZ
8 	 12 	 253 	 42.166666666666664 MHZ
8 	 12 	 254 	 42.333333333333336 MHZ
8 	 12 	 255 	 42.5 MHZ
8 	 12 	 256 	 42.666666666666664 MHZ
8 	 12 	 257 	 42.833333333333336 MHZ
8 	 12 	 258 	 43.0 MHZ
8 	 12 	 259 	 43.166666666666664 MHZ
8 	 12 	 260 	 43.333333333333336 MHZ
8 	 12 	 261 	 43.5 MHZ
8 	 12 	 262 	 43.666666666666664 MHZ
8 	 12 	 263 	 43.833333333333336 MHZ
8 	 12 	 264 	 44.0 MHZ
8 	 12 	 265 	 44.166666666666664 MHZ
8 	 12 	 266 	 44.333333333333336 MHZ
8 	 12 	 267 	 44.5 MHZ
8 	 12 	 268 	 44.666666666666664 MHZ
8 	 12 	 269 	 44.833333333333336 MHZ
8 	 12 	 270 	 45.0 MHZ
8 	 12 	 271 	 45.166666666666664 MHZ
8 	 12 	 272 	 45.333333333333336 MHZ
8 	 12 	 273 	 45.5 MHZ
8 	 12 	 274 	 45.666666666666664 MHZ
8 	 12 	 275 	 45.833333333333336 MHZ
8 	 12 	 276 	 46.0 MHZ
8 	 12 	 277 	 46.166666666666664 MHZ
8 	 12 	 278 	 46.333333333333336 MHZ
8 	 12 	 279 	 46.5 MHZ
8 	 12 	 280 	 46.666666666666664 MHZ
8 	 12 	 281 	 46.833333333333336 MHZ
8 	 12 	 282 	 47.0 MHZ
8 	 12 	 283 	 47.166666666666664 MHZ
8 	 12 	 284 	 47.333333333333336 MHZ
8 	 12 	 285 	 47.5 MHZ
8 	 12 	 286 	 47.666666666666664 MHZ
8 	 12 	 287 	 47.833333333333336 MHZ
8 	 12 	 288 	 48.0 MHZ
8 	 12 	 289 	 48.166666666666664 MHZ
8 	 12 	 290 	 48.333333333333336 MHZ
8 	 12 	 291 	 48.5 MHZ
8 	 12 	 292 	 48.666666666666664 MHZ
8 	 12 	 293 	 48.833333333333336 MHZ
8 	 12 	 294 	 49.0 MHZ
8 	 12 	 295 	 49.166666666666664 MHZ
8 	 12 	 296 	 49.333333333333336 MHZ
8 	 12 	 297 	 49.5 MHZ
8 	 12 	 298 	 49.666666666666664 MHZ
8 	 12 	 299 	 49.833333333333336 MHZ
8 	 12 	 300 	 50.0 MHZ
8 	 12 	 301 	 50.166666666666664 MHZ
8 	 12 	 302 	 50.333333333333336 MHZ
8 	 12 	 303 	 50.5 MHZ
8 	 12 	 304 	 50.666666666666664 MHZ
8 	 12 	 305 	 50.833333333333336 MHZ
8 	 12 	 306 	 51.0 MHZ
8 	 12 	 307 	 51.166666666666664 MHZ
8 	 12 	 308 	 51.333333333333336 MHZ
8 	 12 	 309 	 51.5 MHZ
8 	 12 	 310 	 51.666666666666664 MHZ
8 	 12 	 311 	 51.833333333333336 MHZ
8 	 12 	 312 	 52.0 MHZ
8 	 12 	 313 	 52.166666666666664 MHZ
8 	 12 	 314 	 52.333333333333336 MHZ
8 	 12 	 315 	 52.5 MHZ
8 	 12 	 316 	 52.666666666666664 MHZ
8 	 12 	 317 	 52.833333333333336 MHZ
8 	 12 	 318 	 53.0 MHZ
8 	 12 	 319 	 53.166666666666664 MHZ
8 	 12 	 320 	 53.333333333333336 MHZ
8 	 12 	 321 	 53.5 MHZ
8 	 12 	 322 	 53.666666666666664 MHZ
8 	 12 	 323 	 53.833333333333336 MHZ
8 	 12 	 324 	 54.0 MHZ
8 	 13 	 192 	 29.53846153846154 MHZ
8 	 13 	 193 	 29.692307692307693 MHZ
8 	 13 	 194 	 29.846153846153847 MHZ
8 	 13 	 195 	 30.0 MHZ
8 	 13 	 196 	 30.153846153846153 MHZ
8 	 13 	 197 	 30.307692307692307 MHZ
8 	 13 	 198 	 30.46153846153846 MHZ
8 	 13 	 199 	 30.615384615384617 MHZ
8 	 13 	 200 	 30.76923076923077 MHZ
8 	 13 	 201 	 30.923076923076923 MHZ
8 	 13 	 202 	 31.076923076923077 MHZ
8 	 13 	 203 	 31.23076923076923 MHZ
8 	 13 	 204 	 31.384615384615383 MHZ
8 	 13 	 205 	 31.53846153846154 MHZ
8 	 13 	 206 	 31.692307692307693 MHZ
8 	 13 	 207 	 31.846153846153847 MHZ
8 	 13 	 208 	 32.0 MHZ
8 	 13 	 209 	 32.15384615384615 MHZ
8 	 13 	 210 	 32.30769230769231 MHZ
8 	 13 	 211 	 32.46153846153846 MHZ
8 	 13 	 212 	 32.61538461538461 MHZ
8 	 13 	 213 	 32.76923076923077 MHZ
8 	 13 	 214 	 32.92307692307692 MHZ
8 	 13 	 215 	 33.07692307692308 MHZ
8 	 13 	 216 	 33.23076923076923 MHZ
8 	 13 	 217 	 33.38461538461539 MHZ
8 	 13 	 218 	 33.53846153846154 MHZ
8 	 13 	 219 	 33.69230769230769 MHZ
8 	 13 	 220 	 33.84615384615385 MHZ
8 	 13 	 221 	 34.0 MHZ
8 	 13 	 222 	 34.15384615384615 MHZ
8 	 13 	 223 	 34.30769230769231 MHZ
8 	 13 	 224 	 34.46153846153846 MHZ
8 	 13 	 225 	 34.61538461538461 MHZ
8 	 13 	 226 	 34.76923076923077 MHZ
8 	 13 	 227 	 34.92307692307692 MHZ
8 	 13 	 228 	 35.07692307692308 MHZ
8 	 13 	 229 	 35.23076923076923 MHZ
8 	 13 	 230 	 35.38461538461539 MHZ
8 	 13 	 231 	 35.53846153846154 MHZ
8 	 13 	 232 	 35.69230769230769 MHZ
8 	 13 	 233 	 35.84615384615385 MHZ
8 	 13 	 234 	 36.0 MHZ
8 	 13 	 235 	 36.15384615384615 MHZ
8 	 13 	 236 	 36.30769230769231 MHZ
8 	 13 	 237 	 36.46153846153846 MHZ
8 	 13 	 238 	 36.61538461538461 MHZ
8 	 13 	 239 	 36.76923076923077 MHZ
8 	 13 	 240 	 36.92307692307692 MHZ
8 	 13 	 241 	 37.07692307692308 MHZ
8 	 13 	 242 	 37.23076923076923 MHZ
8 	 13 	 243 	 37.38461538461539 MHZ
8 	 13 	 244 	 37.53846153846154 MHZ
8 	 13 	 245 	 37.69230769230769 MHZ
8 	 13 	 246 	 37.84615384615385 MHZ
8 	 13 	 247 	 38.0 MHZ
8 	 13 	 248 	 38.15384615384615 MHZ
8 	 13 	 249 	 38.30769230769231 MHZ
8 	 13 	 250 	 38.46153846153846 MHZ
8 	 13 	 251 	 38.61538461538461 MHZ
8 	 13 	 252 	 38.76923076923077 MHZ
8 	 13 	 253 	 38.92307692307692 MHZ
8 	 13 	 254 	 39.07692307692308 MHZ
8 	 13 	 255 	 39.23076923076923 MHZ
8 	 13 	 256 	 39.38461538461539 MHZ
8 	 13 	 257 	 39.53846153846154 MHZ
8 	 13 	 258 	 39.69230769230769 MHZ
8 	 13 	 259 	 39.84615384615385 MHZ
8 	 13 	 260 	 40.0 MHZ
8 	 13 	 261 	 40.15384615384615 MHZ
8 	 13 	 262 	 40.30769230769231 MHZ
8 	 13 	 263 	 40.46153846153846 MHZ
8 	 13 	 264 	 40.61538461538461 MHZ
8 	 13 	 265 	 40.76923076923077 MHZ
8 	 13 	 266 	 40.92307692307692 MHZ
8 	 13 	 267 	 41.07692307692308 MHZ
8 	 13 	 268 	 41.23076923076923 MHZ
8 	 13 	 269 	 41.38461538461539 MHZ
8 	 13 	 270 	 41.53846153846154 MHZ
8 	 13 	 271 	 41.69230769230769 MHZ
8 	 13 	 272 	 41.84615384615385 MHZ
8 	 13 	 273 	 42.0 MHZ
8 	 13 	 274 	 42.15384615384615 MHZ
8 	 13 	 275 	 42.30769230769231 MHZ
8 	 13 	 276 	 42.46153846153846 MHZ
8 	 13 	 277 	 42.61538461538461 MHZ
8 	 13 	 278 	 42.76923076923077 MHZ
8 	 13 	 279 	 42.92307692307692 MHZ
8 	 13 	 280 	 43.07692307692308 MHZ
8 	 13 	 281 	 43.23076923076923 MHZ
8 	 13 	 282 	 43.38461538461539 MHZ
8 	 13 	 283 	 43.53846153846154 MHZ
8 	 13 	 284 	 43.69230769230769 MHZ
8 	 13 	 285 	 43.84615384615385 MHZ
8 	 13 	 286 	 44.0 MHZ
8 	 13 	 287 	 44.15384615384615 MHZ
8 	 13 	 288 	 44.30769230769231 MHZ
8 	 13 	 289 	 44.46153846153846 MHZ
8 	 13 	 290 	 44.61538461538461 MHZ
8 	 13 	 291 	 44.76923076923077 MHZ
8 	 13 	 292 	 44.92307692307692 MHZ
8 	 13 	 293 	 45.07692307692308 MHZ
8 	 13 	 294 	 45.23076923076923 MHZ
8 	 13 	 295 	 45.38461538461539 MHZ
8 	 13 	 296 	 45.53846153846154 MHZ
8 	 13 	 297 	 45.69230769230769 MHZ
8 	 13 	 298 	 45.84615384615385 MHZ
8 	 13 	 299 	 46.0 MHZ
8 	 13 	 300 	 46.15384615384615 MHZ
8 	 13 	 301 	 46.30769230769231 MHZ
8 	 13 	 302 	 46.46153846153846 MHZ
8 	 13 	 303 	 46.61538461538461 MHZ
8 	 13 	 304 	 46.76923076923077 MHZ
8 	 13 	 305 	 46.92307692307692 MHZ
8 	 13 	 306 	 47.07692307692308 MHZ
8 	 13 	 307 	 47.23076923076923 MHZ
8 	 13 	 308 	 47.38461538461539 MHZ
8 	 13 	 309 	 47.53846153846154 MHZ
8 	 13 	 310 	 47.69230769230769 MHZ
8 	 13 	 311 	 47.84615384615385 MHZ
8 	 13 	 312 	 48.0 MHZ
8 	 13 	 313 	 48.15384615384615 MHZ
8 	 13 	 314 	 48.30769230769231 MHZ
8 	 13 	 315 	 48.46153846153846 MHZ
8 	 13 	 316 	 48.61538461538461 MHZ
8 	 13 	 317 	 48.76923076923077 MHZ
8 	 13 	 318 	 48.92307692307692 MHZ
8 	 13 	 319 	 49.07692307692308 MHZ
8 	 13 	 320 	 49.23076923076923 MHZ
8 	 13 	 321 	 49.38461538461539 MHZ
8 	 13 	 322 	 49.53846153846154 MHZ
8 	 13 	 323 	 49.69230769230769 MHZ
8 	 13 	 324 	 49.84615384615385 MHZ
8 	 13 	 325 	 50.0 MHZ
8 	 13 	 326 	 50.15384615384615 MHZ
8 	 13 	 327 	 50.30769230769231 MHZ
8 	 13 	 328 	 50.46153846153846 MHZ
8 	 13 	 329 	 50.61538461538461 MHZ
8 	 13 	 330 	 50.76923076923077 MHZ
8 	 13 	 331 	 50.92307692307692 MHZ
8 	 13 	 332 	 51.07692307692308 MHZ
8 	 13 	 333 	 51.23076923076923 MHZ
8 	 13 	 334 	 51.38461538461539 MHZ
8 	 13 	 335 	 51.53846153846154 MHZ
8 	 13 	 336 	 51.69230769230769 MHZ
8 	 13 	 337 	 51.84615384615385 MHZ
8 	 13 	 338 	 52.0 MHZ
8 	 13 	 339 	 52.15384615384615 MHZ
8 	 13 	 340 	 52.30769230769231 MHZ
8 	 13 	 341 	 52.46153846153846 MHZ
8 	 13 	 342 	 52.61538461538461 MHZ
8 	 13 	 343 	 52.76923076923077 MHZ
8 	 13 	 344 	 52.92307692307692 MHZ
8 	 13 	 345 	 53.07692307692308 MHZ
8 	 13 	 346 	 53.23076923076923 MHZ
8 	 13 	 347 	 53.38461538461539 MHZ
8 	 13 	 348 	 53.53846153846154 MHZ
8 	 13 	 349 	 53.69230769230769 MHZ
8 	 13 	 350 	 53.84615384615385 MHZ
8 	 13 	 351 	 54.0 MHZ
8 	 14 	 192 	 27.428571428571427 MHZ
8 	 14 	 193 	 27.571428571428573 MHZ
8 	 14 	 194 	 27.714285714285715 MHZ
8 	 14 	 195 	 27.857142857142858 MHZ
8 	 14 	 196 	 28.0 MHZ
8 	 14 	 197 	 28.142857142857142 MHZ
8 	 14 	 198 	 28.285714285714285 MHZ
8 	 14 	 199 	 28.428571428571427 MHZ
8 	 14 	 200 	 28.571428571428573 MHZ
8 	 14 	 201 	 28.714285714285715 MHZ
8 	 14 	 202 	 28.857142857142858 MHZ
8 	 14 	 203 	 29.0 MHZ
8 	 14 	 204 	 29.142857142857142 MHZ
8 	 14 	 205 	 29.285714285714285 MHZ
8 	 14 	 206 	 29.428571428571427 MHZ
8 	 14 	 207 	 29.571428571428573 MHZ
8 	 14 	 208 	 29.714285714285715 MHZ
8 	 14 	 209 	 29.857142857142858 MHZ
8 	 14 	 210 	 30.0 MHZ
8 	 14 	 211 	 30.142857142857142 MHZ
8 	 14 	 212 	 30.285714285714285 MHZ
8 	 14 	 213 	 30.428571428571427 MHZ
8 	 14 	 214 	 30.571428571428573 MHZ
8 	 14 	 215 	 30.714285714285715 MHZ
8 	 14 	 216 	 30.857142857142858 MHZ
8 	 14 	 217 	 31.0 MHZ
8 	 14 	 218 	 31.142857142857142 MHZ
8 	 14 	 219 	 31.285714285714285 MHZ
8 	 14 	 220 	 31.428571428571427 MHZ
8 	 14 	 221 	 31.571428571428573 MHZ
8 	 14 	 222 	 31.714285714285715 MHZ
8 	 14 	 223 	 31.857142857142858 MHZ
8 	 14 	 224 	 32.0 MHZ
8 	 14 	 225 	 32.142857142857146 MHZ
8 	 14 	 226 	 32.285714285714285 MHZ
8 	 14 	 227 	 32.42857142857143 MHZ
8 	 14 	 228 	 32.57142857142857 MHZ
8 	 14 	 229 	 32.714285714285715 MHZ
8 	 14 	 230 	 32.857142857142854 MHZ
8 	 14 	 231 	 33.0 MHZ
8 	 14 	 232 	 33.142857142857146 MHZ
8 	 14 	 233 	 33.285714285714285 MHZ
8 	 14 	 234 	 33.42857142857143 MHZ
8 	 14 	 235 	 33.57142857142857 MHZ
8 	 14 	 236 	 33.714285714285715 MHZ
8 	 14 	 237 	 33.857142857142854 MHZ
8 	 14 	 238 	 34.0 MHZ
8 	 14 	 239 	 34.142857142857146 MHZ
8 	 14 	 240 	 34.285714285714285 MHZ
8 	 14 	 241 	 34.42857142857143 MHZ
8 	 14 	 242 	 34.57142857142857 MHZ
8 	 14 	 243 	 34.714285714285715 MHZ
8 	 14 	 244 	 34.857142857142854 MHZ
8 	 14 	 245 	 35.0 MHZ
8 	 14 	 246 	 35.142857142857146 MHZ
8 	 14 	 247 	 35.285714285714285 MHZ
8 	 14 	 248 	 35.42857142857143 MHZ
8 	 14 	 249 	 35.57142857142857 MHZ
8 	 14 	 250 	 35.714285714285715 MHZ
8 	 14 	 251 	 35.857142857142854 MHZ
8 	 14 	 252 	 36.0 MHZ
8 	 14 	 253 	 36.142857142857146 MHZ
8 	 14 	 254 	 36.285714285714285 MHZ
8 	 14 	 255 	 36.42857142857143 MHZ
8 	 14 	 256 	 36.57142857142857 MHZ
8 	 14 	 257 	 36.714285714285715 MHZ
8 	 14 	 258 	 36.857142857142854 MHZ
8 	 14 	 259 	 37.0 MHZ
8 	 14 	 260 	 37.142857142857146 MHZ
8 	 14 	 261 	 37.285714285714285 MHZ
8 	 14 	 262 	 37.42857142857143 MHZ
8 	 14 	 263 	 37.57142857142857 MHZ
8 	 14 	 264 	 37.714285714285715 MHZ
8 	 14 	 265 	 37.857142857142854 MHZ
8 	 14 	 266 	 38.0 MHZ
8 	 14 	 267 	 38.142857142857146 MHZ
8 	 14 	 268 	 38.285714285714285 MHZ
8 	 14 	 269 	 38.42857142857143 MHZ
8 	 14 	 270 	 38.57142857142857 MHZ
8 	 14 	 271 	 38.714285714285715 MHZ
8 	 14 	 272 	 38.857142857142854 MHZ
8 	 14 	 273 	 39.0 MHZ
8 	 14 	 274 	 39.142857142857146 MHZ
8 	 14 	 275 	 39.285714285714285 MHZ
8 	 14 	 276 	 39.42857142857143 MHZ
8 	 14 	 277 	 39.57142857142857 MHZ
8 	 14 	 278 	 39.714285714285715 MHZ
8 	 14 	 279 	 39.857142857142854 MHZ
8 	 14 	 280 	 40.0 MHZ
8 	 14 	 281 	 40.142857142857146 MHZ
8 	 14 	 282 	 40.285714285714285 MHZ
8 	 14 	 283 	 40.42857142857143 MHZ
8 	 14 	 284 	 40.57142857142857 MHZ
8 	 14 	 285 	 40.714285714285715 MHZ
8 	 14 	 286 	 40.857142857142854 MHZ
8 	 14 	 287 	 41.0 MHZ
8 	 14 	 288 	 41.142857142857146 MHZ
8 	 14 	 289 	 41.285714285714285 MHZ
8 	 14 	 290 	 41.42857142857143 MHZ
8 	 14 	 291 	 41.57142857142857 MHZ
8 	 14 	 292 	 41.714285714285715 MHZ
8 	 14 	 293 	 41.857142857142854 MHZ
8 	 14 	 294 	 42.0 MHZ
8 	 14 	 295 	 42.142857142857146 MHZ
8 	 14 	 296 	 42.285714285714285 MHZ
8 	 14 	 297 	 42.42857142857143 MHZ
8 	 14 	 298 	 42.57142857142857 MHZ
8 	 14 	 299 	 42.714285714285715 MHZ
8 	 14 	 300 	 42.857142857142854 MHZ
8 	 14 	 301 	 43.0 MHZ
8 	 14 	 302 	 43.142857142857146 MHZ
8 	 14 	 303 	 43.285714285714285 MHZ
8 	 14 	 304 	 43.42857142857143 MHZ
8 	 14 	 305 	 43.57142857142857 MHZ
8 	 14 	 306 	 43.714285714285715 MHZ
8 	 14 	 307 	 43.857142857142854 MHZ
8 	 14 	 308 	 44.0 MHZ
8 	 14 	 309 	 44.142857142857146 MHZ
8 	 14 	 310 	 44.285714285714285 MHZ
8 	 14 	 311 	 44.42857142857143 MHZ
8 	 14 	 312 	 44.57142857142857 MHZ
8 	 14 	 313 	 44.714285714285715 MHZ
8 	 14 	 314 	 44.857142857142854 MHZ
8 	 14 	 315 	 45.0 MHZ
8 	 14 	 316 	 45.142857142857146 MHZ
8 	 14 	 317 	 45.285714285714285 MHZ
8 	 14 	 318 	 45.42857142857143 MHZ
8 	 14 	 319 	 45.57142857142857 MHZ
8 	 14 	 320 	 45.714285714285715 MHZ
8 	 14 	 321 	 45.857142857142854 MHZ
8 	 14 	 322 	 46.0 MHZ
8 	 14 	 323 	 46.142857142857146 MHZ
8 	 14 	 324 	 46.285714285714285 MHZ
8 	 14 	 325 	 46.42857142857143 MHZ
8 	 14 	 326 	 46.57142857142857 MHZ
8 	 14 	 327 	 46.714285714285715 MHZ
8 	 14 	 328 	 46.857142857142854 MHZ
8 	 14 	 329 	 47.0 MHZ
8 	 14 	 330 	 47.142857142857146 MHZ
8 	 14 	 331 	 47.285714285714285 MHZ
8 	 14 	 332 	 47.42857142857143 MHZ
8 	 14 	 333 	 47.57142857142857 MHZ
8 	 14 	 334 	 47.714285714285715 MHZ
8 	 14 	 335 	 47.857142857142854 MHZ
8 	 14 	 336 	 48.0 MHZ
8 	 14 	 337 	 48.142857142857146 MHZ
8 	 14 	 338 	 48.285714285714285 MHZ
8 	 14 	 339 	 48.42857142857143 MHZ
8 	 14 	 340 	 48.57142857142857 MHZ
8 	 14 	 341 	 48.714285714285715 MHZ
8 	 14 	 342 	 48.857142857142854 MHZ
8 	 14 	 343 	 49.0 MHZ
8 	 14 	 344 	 49.142857142857146 MHZ
8 	 14 	 345 	 49.285714285714285 MHZ
8 	 14 	 346 	 49.42857142857143 MHZ
8 	 14 	 347 	 49.57142857142857 MHZ
8 	 14 	 348 	 49.714285714285715 MHZ
8 	 14 	 349 	 49.857142857142854 MHZ
8 	 14 	 350 	 50.0 MHZ
8 	 14 	 351 	 50.142857142857146 MHZ
8 	 14 	 352 	 50.285714285714285 MHZ
8 	 14 	 353 	 50.42857142857143 MHZ
8 	 14 	 354 	 50.57142857142857 MHZ
8 	 14 	 355 	 50.714285714285715 MHZ
8 	 14 	 356 	 50.857142857142854 MHZ
8 	 14 	 357 	 51.0 MHZ
8 	 14 	 358 	 51.142857142857146 MHZ
8 	 14 	 359 	 51.285714285714285 MHZ
8 	 14 	 360 	 51.42857142857143 MHZ
8 	 14 	 361 	 51.57142857142857 MHZ
8 	 14 	 362 	 51.714285714285715 MHZ
8 	 14 	 363 	 51.857142857142854 MHZ
8 	 14 	 364 	 52.0 MHZ
8 	 14 	 365 	 52.142857142857146 MHZ
8 	 14 	 366 	 52.285714285714285 MHZ
8 	 14 	 367 	 52.42857142857143 MHZ
8 	 14 	 368 	 52.57142857142857 MHZ
8 	 14 	 369 	 52.714285714285715 MHZ
8 	 14 	 370 	 52.857142857142854 MHZ
8 	 14 	 371 	 53.0 MHZ
8 	 14 	 372 	 53.142857142857146 MHZ
8 	 14 	 373 	 53.285714285714285 MHZ
8 	 14 	 374 	 53.42857142857143 MHZ
8 	 14 	 375 	 53.57142857142857 MHZ
8 	 14 	 376 	 53.714285714285715 MHZ
8 	 14 	 377 	 53.857142857142854 MHZ
8 	 14 	 378 	 54.0 MHZ
8 	 15 	 192 	 25.6 MHZ
8 	 15 	 193 	 25.733333333333334 MHZ
8 	 15 	 194 	 25.866666666666667 MHZ
8 	 15 	 195 	 26.0 MHZ
8 	 15 	 196 	 26.133333333333333 MHZ
8 	 15 	 197 	 26.266666666666666 MHZ
8 	 15 	 198 	 26.4 MHZ
8 	 15 	 199 	 26.533333333333335 MHZ
8 	 15 	 200 	 26.666666666666668 MHZ
8 	 15 	 201 	 26.8 MHZ
8 	 15 	 202 	 26.933333333333334 MHZ
8 	 15 	 203 	 27.066666666666666 MHZ
8 	 15 	 204 	 27.2 MHZ
8 	 15 	 205 	 27.333333333333332 MHZ
8 	 15 	 206 	 27.466666666666665 MHZ
8 	 15 	 207 	 27.6 MHZ
8 	 15 	 208 	 27.733333333333334 MHZ
8 	 15 	 209 	 27.866666666666667 MHZ
8 	 15 	 210 	 28.0 MHZ
8 	 15 	 211 	 28.133333333333333 MHZ
8 	 15 	 212 	 28.266666666666666 MHZ
8 	 15 	 213 	 28.4 MHZ
8 	 15 	 214 	 28.533333333333335 MHZ
8 	 15 	 215 	 28.666666666666668 MHZ
8 	 15 	 216 	 28.8 MHZ
8 	 15 	 217 	 28.933333333333334 MHZ
8 	 15 	 218 	 29.066666666666666 MHZ
8 	 15 	 219 	 29.2 MHZ
8 	 15 	 220 	 29.333333333333332 MHZ
8 	 15 	 221 	 29.466666666666665 MHZ
8 	 15 	 222 	 29.6 MHZ
8 	 15 	 223 	 29.733333333333334 MHZ
8 	 15 	 224 	 29.866666666666667 MHZ
8 	 15 	 225 	 30.0 MHZ
8 	 15 	 226 	 30.133333333333333 MHZ
8 	 15 	 227 	 30.266666666666666 MHZ
8 	 15 	 228 	 30.4 MHZ
8 	 15 	 229 	 30.533333333333335 MHZ
8 	 15 	 230 	 30.666666666666668 MHZ
8 	 15 	 231 	 30.8 MHZ
8 	 15 	 232 	 30.933333333333334 MHZ
8 	 15 	 233 	 31.066666666666666 MHZ
8 	 15 	 234 	 31.2 MHZ
8 	 15 	 235 	 31.333333333333332 MHZ
8 	 15 	 236 	 31.466666666666665 MHZ
8 	 15 	 237 	 31.6 MHZ
8 	 15 	 238 	 31.733333333333334 MHZ
8 	 15 	 239 	 31.866666666666667 MHZ
8 	 15 	 240 	 32.0 MHZ
8 	 15 	 241 	 32.13333333333333 MHZ
8 	 15 	 242 	 32.266666666666666 MHZ
8 	 15 	 243 	 32.4 MHZ
8 	 15 	 244 	 32.53333333333333 MHZ
8 	 15 	 245 	 32.666666666666664 MHZ
8 	 15 	 246 	 32.8 MHZ
8 	 15 	 247 	 32.93333333333333 MHZ
8 	 15 	 248 	 33.06666666666667 MHZ
8 	 15 	 249 	 33.2 MHZ
8 	 15 	 250 	 33.333333333333336 MHZ
8 	 15 	 251 	 33.46666666666667 MHZ
8 	 15 	 252 	 33.6 MHZ
8 	 15 	 253 	 33.733333333333334 MHZ
8 	 15 	 254 	 33.86666666666667 MHZ
8 	 15 	 255 	 34.0 MHZ
8 	 15 	 256 	 34.13333333333333 MHZ
8 	 15 	 257 	 34.266666666666666 MHZ
8 	 15 	 258 	 34.4 MHZ
8 	 15 	 259 	 34.53333333333333 MHZ
8 	 15 	 260 	 34.666666666666664 MHZ
8 	 15 	 261 	 34.8 MHZ
8 	 15 	 262 	 34.93333333333333 MHZ
8 	 15 	 263 	 35.06666666666667 MHZ
8 	 15 	 264 	 35.2 MHZ
8 	 15 	 265 	 35.333333333333336 MHZ
8 	 15 	 266 	 35.46666666666667 MHZ
8 	 15 	 267 	 35.6 MHZ
8 	 15 	 268 	 35.733333333333334 MHZ
8 	 15 	 269 	 35.86666666666667 MHZ
8 	 15 	 270 	 36.0 MHZ
8 	 15 	 271 	 36.13333333333333 MHZ
8 	 15 	 272 	 36.266666666666666 MHZ
8 	 15 	 273 	 36.4 MHZ
8 	 15 	 274 	 36.53333333333333 MHZ
8 	 15 	 275 	 36.666666666666664 MHZ
8 	 15 	 276 	 36.8 MHZ
8 	 15 	 277 	 36.93333333333333 MHZ
8 	 15 	 278 	 37.06666666666667 MHZ
8 	 15 	 279 	 37.2 MHZ
8 	 15 	 280 	 37.333333333333336 MHZ
8 	 15 	 281 	 37.46666666666667 MHZ
8 	 15 	 282 	 37.6 MHZ
8 	 15 	 283 	 37.733333333333334 MHZ
8 	 15 	 284 	 37.86666666666667 MHZ
8 	 15 	 285 	 38.0 MHZ
8 	 15 	 286 	 38.13333333333333 MHZ
8 	 15 	 287 	 38.266666666666666 MHZ
8 	 15 	 288 	 38.4 MHZ
8 	 15 	 289 	 38.53333333333333 MHZ
8 	 15 	 290 	 38.666666666666664 MHZ
8 	 15 	 291 	 38.8 MHZ
8 	 15 	 292 	 38.93333333333333 MHZ
8 	 15 	 293 	 39.06666666666667 MHZ
8 	 15 	 294 	 39.2 MHZ
8 	 15 	 295 	 39.333333333333336 MHZ
8 	 15 	 296 	 39.46666666666667 MHZ
8 	 15 	 297 	 39.6 MHZ
8 	 15 	 298 	 39.733333333333334 MHZ
8 	 15 	 299 	 39.86666666666667 MHZ
8 	 15 	 300 	 40.0 MHZ
8 	 15 	 301 	 40.13333333333333 MHZ
8 	 15 	 302 	 40.266666666666666 MHZ
8 	 15 	 303 	 40.4 MHZ
8 	 15 	 304 	 40.53333333333333 MHZ
8 	 15 	 305 	 40.666666666666664 MHZ
8 	 15 	 306 	 40.8 MHZ
8 	 15 	 307 	 40.93333333333333 MHZ
8 	 15 	 308 	 41.06666666666667 MHZ
8 	 15 	 309 	 41.2 MHZ
8 	 15 	 310 	 41.333333333333336 MHZ
8 	 15 	 311 	 41.46666666666667 MHZ
8 	 15 	 312 	 41.6 MHZ
8 	 15 	 313 	 41.733333333333334 MHZ
8 	 15 	 314 	 41.86666666666667 MHZ
8 	 15 	 315 	 42.0 MHZ
8 	 15 	 316 	 42.13333333333333 MHZ
8 	 15 	 317 	 42.266666666666666 MHZ
8 	 15 	 318 	 42.4 MHZ
8 	 15 	 319 	 42.53333333333333 MHZ
8 	 15 	 320 	 42.666666666666664 MHZ
8 	 15 	 321 	 42.8 MHZ
8 	 15 	 322 	 42.93333333333333 MHZ
8 	 15 	 323 	 43.06666666666667 MHZ
8 	 15 	 324 	 43.2 MHZ
8 	 15 	 325 	 43.333333333333336 MHZ
8 	 15 	 326 	 43.46666666666667 MHZ
8 	 15 	 327 	 43.6 MHZ
8 	 15 	 328 	 43.733333333333334 MHZ
8 	 15 	 329 	 43.86666666666667 MHZ
8 	 15 	 330 	 44.0 MHZ
8 	 15 	 331 	 44.13333333333333 MHZ
8 	 15 	 332 	 44.266666666666666 MHZ
8 	 15 	 333 	 44.4 MHZ
8 	 15 	 334 	 44.53333333333333 MHZ
8 	 15 	 335 	 44.666666666666664 MHZ
8 	 15 	 336 	 44.8 MHZ
8 	 15 	 337 	 44.93333333333333 MHZ
8 	 15 	 338 	 45.06666666666667 MHZ
8 	 15 	 339 	 45.2 MHZ
8 	 15 	 340 	 45.333333333333336 MHZ
8 	 15 	 341 	 45.46666666666667 MHZ
8 	 15 	 342 	 45.6 MHZ
8 	 15 	 343 	 45.733333333333334 MHZ
8 	 15 	 344 	 45.86666666666667 MHZ
8 	 15 	 345 	 46.0 MHZ
8 	 15 	 346 	 46.13333333333333 MHZ
8 	 15 	 347 	 46.266666666666666 MHZ
8 	 15 	 348 	 46.4 MHZ
8 	 15 	 349 	 46.53333333333333 MHZ
8 	 15 	 350 	 46.666666666666664 MHZ
8 	 15 	 351 	 46.8 MHZ
8 	 15 	 352 	 46.93333333333333 MHZ
8 	 15 	 353 	 47.06666666666667 MHZ
8 	 15 	 354 	 47.2 MHZ
8 	 15 	 355 	 47.333333333333336 MHZ
8 	 15 	 356 	 47.46666666666667 MHZ
8 	 15 	 357 	 47.6 MHZ
8 	 15 	 358 	 47.733333333333334 MHZ
8 	 15 	 359 	 47.86666666666667 MHZ
8 	 15 	 360 	 48.0 MHZ
8 	 15 	 361 	 48.13333333333333 MHZ
8 	 15 	 362 	 48.266666666666666 MHZ
8 	 15 	 363 	 48.4 MHZ
8 	 15 	 364 	 48.53333333333333 MHZ
8 	 15 	 365 	 48.666666666666664 MHZ
8 	 15 	 366 	 48.8 MHZ
8 	 15 	 367 	 48.93333333333333 MHZ
8 	 15 	 368 	 49.06666666666667 MHZ
8 	 15 	 369 	 49.2 MHZ
8 	 15 	 370 	 49.333333333333336 MHZ
8 	 15 	 371 	 49.46666666666667 MHZ
8 	 15 	 372 	 49.6 MHZ
8 	 15 	 373 	 49.733333333333334 MHZ
8 	 15 	 374 	 49.86666666666667 MHZ
8 	 15 	 375 	 50.0 MHZ
8 	 15 	 376 	 50.13333333333333 MHZ
8 	 15 	 377 	 50.266666666666666 MHZ
8 	 15 	 378 	 50.4 MHZ
8 	 15 	 379 	 50.53333333333333 MHZ
8 	 15 	 380 	 50.666666666666664 MHZ
8 	 15 	 381 	 50.8 MHZ
8 	 15 	 382 	 50.93333333333333 MHZ
8 	 15 	 383 	 51.06666666666667 MHZ
8 	 15 	 384 	 51.2 MHZ
8 	 15 	 385 	 51.333333333333336 MHZ
8 	 15 	 386 	 51.46666666666667 MHZ
8 	 15 	 387 	 51.6 MHZ
8 	 15 	 388 	 51.733333333333334 MHZ
8 	 15 	 389 	 51.86666666666667 MHZ
8 	 15 	 390 	 52.0 MHZ
8 	 15 	 391 	 52.13333333333333 MHZ
8 	 15 	 392 	 52.266666666666666 MHZ
8 	 15 	 393 	 52.4 MHZ
8 	 15 	 394 	 52.53333333333333 MHZ
8 	 15 	 395 	 52.666666666666664 MHZ
8 	 15 	 396 	 52.8 MHZ
8 	 15 	 397 	 52.93333333333333 MHZ
8 	 15 	 398 	 53.06666666666667 MHZ
8 	 15 	 399 	 53.2 MHZ
8 	 15 	 400 	 53.333333333333336 MHZ
8 	 15 	 401 	 53.46666666666667 MHZ
8 	 15 	 402 	 53.6 MHZ
8 	 15 	 403 	 53.733333333333334 MHZ
8 	 15 	 404 	 53.86666666666667 MHZ
8 	 15 	 405 	 54.0 MHZ
8 	 16 	 192 	 24.0 MHZ
8 	 16 	 193 	 24.125 MHZ
8 	 16 	 194 	 24.25 MHZ
8 	 16 	 195 	 24.375 MHZ
8 	 16 	 196 	 24.5 MHZ
8 	 16 	 197 	 24.625 MHZ
8 	 16 	 198 	 24.75 MHZ
8 	 16 	 199 	 24.875 MHZ
8 	 16 	 200 	 25.0 MHZ
8 	 16 	 201 	 25.125 MHZ
8 	 16 	 202 	 25.25 MHZ
8 	 16 	 203 	 25.375 MHZ
8 	 16 	 204 	 25.5 MHZ
8 	 16 	 205 	 25.625 MHZ
8 	 16 	 206 	 25.75 MHZ
8 	 16 	 207 	 25.875 MHZ
8 	 16 	 208 	 26.0 MHZ
8 	 16 	 209 	 26.125 MHZ
8 	 16 	 210 	 26.25 MHZ
8 	 16 	 211 	 26.375 MHZ
8 	 16 	 212 	 26.5 MHZ
8 	 16 	 213 	 26.625 MHZ
8 	 16 	 214 	 26.75 MHZ
8 	 16 	 215 	 26.875 MHZ
8 	 16 	 216 	 27.0 MHZ
8 	 16 	 217 	 27.125 MHZ
8 	 16 	 218 	 27.25 MHZ
8 	 16 	 219 	 27.375 MHZ
8 	 16 	 220 	 27.5 MHZ
8 	 16 	 221 	 27.625 MHZ
8 	 16 	 222 	 27.75 MHZ
8 	 16 	 223 	 27.875 MHZ
8 	 16 	 224 	 28.0 MHZ
8 	 16 	 225 	 28.125 MHZ
8 	 16 	 226 	 28.25 MHZ
8 	 16 	 227 	 28.375 MHZ
8 	 16 	 228 	 28.5 MHZ
8 	 16 	 229 	 28.625 MHZ
8 	 16 	 230 	 28.75 MHZ
8 	 16 	 231 	 28.875 MHZ
8 	 16 	 232 	 29.0 MHZ
8 	 16 	 233 	 29.125 MHZ
8 	 16 	 234 	 29.25 MHZ
8 	 16 	 235 	 29.375 MHZ
8 	 16 	 236 	 29.5 MHZ
8 	 16 	 237 	 29.625 MHZ
8 	 16 	 238 	 29.75 MHZ
8 	 16 	 239 	 29.875 MHZ
8 	 16 	 240 	 30.0 MHZ
8 	 16 	 241 	 30.125 MHZ
8 	 16 	 242 	 30.25 MHZ
8 	 16 	 243 	 30.375 MHZ
8 	 16 	 244 	 30.5 MHZ
8 	 16 	 245 	 30.625 MHZ
8 	 16 	 246 	 30.75 MHZ
8 	 16 	 247 	 30.875 MHZ
8 	 16 	 248 	 31.0 MHZ
8 	 16 	 249 	 31.125 MHZ
8 	 16 	 250 	 31.25 MHZ
8 	 16 	 251 	 31.375 MHZ
8 	 16 	 252 	 31.5 MHZ
8 	 16 	 253 	 31.625 MHZ
8 	 16 	 254 	 31.75 MHZ
8 	 16 	 255 	 31.875 MHZ
8 	 16 	 256 	 32.0 MHZ
8 	 16 	 257 	 32.125 MHZ
8 	 16 	 258 	 32.25 MHZ
8 	 16 	 259 	 32.375 MHZ
8 	 16 	 260 	 32.5 MHZ
8 	 16 	 261 	 32.625 MHZ
8 	 16 	 262 	 32.75 MHZ
8 	 16 	 263 	 32.875 MHZ
8 	 16 	 264 	 33.0 MHZ
8 	 16 	 265 	 33.125 MHZ
8 	 16 	 266 	 33.25 MHZ
8 	 16 	 267 	 33.375 MHZ
8 	 16 	 268 	 33.5 MHZ
8 	 16 	 269 	 33.625 MHZ
8 	 16 	 270 	 33.75 MHZ
8 	 16 	 271 	 33.875 MHZ
8 	 16 	 272 	 34.0 MHZ
8 	 16 	 273 	 34.125 MHZ
8 	 16 	 274 	 34.25 MHZ
8 	 16 	 275 	 34.375 MHZ
8 	 16 	 276 	 34.5 MHZ
8 	 16 	 277 	 34.625 MHZ
8 	 16 	 278 	 34.75 MHZ
8 	 16 	 279 	 34.875 MHZ
8 	 16 	 280 	 35.0 MHZ
8 	 16 	 281 	 35.125 MHZ
8 	 16 	 282 	 35.25 MHZ
8 	 16 	 283 	 35.375 MHZ
8 	 16 	 284 	 35.5 MHZ
8 	 16 	 285 	 35.625 MHZ
8 	 16 	 286 	 35.75 MHZ
8 	 16 	 287 	 35.875 MHZ
8 	 16 	 288 	 36.0 MHZ
8 	 16 	 289 	 36.125 MHZ
8 	 16 	 290 	 36.25 MHZ
8 	 16 	 291 	 36.375 MHZ
8 	 16 	 292 	 36.5 MHZ
8 	 16 	 293 	 36.625 MHZ
8 	 16 	 294 	 36.75 MHZ
8 	 16 	 295 	 36.875 MHZ
8 	 16 	 296 	 37.0 MHZ
8 	 16 	 297 	 37.125 MHZ
8 	 16 	 298 	 37.25 MHZ
8 	 16 	 299 	 37.375 MHZ
8 	 16 	 300 	 37.5 MHZ
8 	 16 	 301 	 37.625 MHZ
8 	 16 	 302 	 37.75 MHZ
8 	 16 	 303 	 37.875 MHZ
8 	 16 	 304 	 38.0 MHZ
8 	 16 	 305 	 38.125 MHZ
8 	 16 	 306 	 38.25 MHZ
8 	 16 	 307 	 38.375 MHZ
8 	 16 	 308 	 38.5 MHZ
8 	 16 	 309 	 38.625 MHZ
8 	 16 	 310 	 38.75 MHZ
8 	 16 	 311 	 38.875 MHZ
8 	 16 	 312 	 39.0 MHZ
8 	 16 	 313 	 39.125 MHZ
8 	 16 	 314 	 39.25 MHZ
8 	 16 	 315 	 39.375 MHZ
8 	 16 	 316 	 39.5 MHZ
8 	 16 	 317 	 39.625 MHZ
8 	 16 	 318 	 39.75 MHZ
8 	 16 	 319 	 39.875 MHZ
8 	 16 	 320 	 40.0 MHZ
8 	 16 	 321 	 40.125 MHZ
8 	 16 	 322 	 40.25 MHZ
8 	 16 	 323 	 40.375 MHZ
8 	 16 	 324 	 40.5 MHZ
8 	 16 	 325 	 40.625 MHZ
8 	 16 	 326 	 40.75 MHZ
8 	 16 	 327 	 40.875 MHZ
8 	 16 	 328 	 41.0 MHZ
8 	 16 	 329 	 41.125 MHZ
8 	 16 	 330 	 41.25 MHZ
8 	 16 	 331 	 41.375 MHZ
8 	 16 	 332 	 41.5 MHZ
8 	 16 	 333 	 41.625 MHZ
8 	 16 	 334 	 41.75 MHZ
8 	 16 	 335 	 41.875 MHZ
8 	 16 	 336 	 42.0 MHZ
8 	 16 	 337 	 42.125 MHZ
8 	 16 	 338 	 42.25 MHZ
8 	 16 	 339 	 42.375 MHZ
8 	 16 	 340 	 42.5 MHZ
8 	 16 	 341 	 42.625 MHZ
8 	 16 	 342 	 42.75 MHZ
8 	 16 	 343 	 42.875 MHZ
8 	 16 	 344 	 43.0 MHZ
8 	 16 	 345 	 43.125 MHZ
8 	 16 	 346 	 43.25 MHZ
8 	 16 	 347 	 43.375 MHZ
8 	 16 	 348 	 43.5 MHZ
8 	 16 	 349 	 43.625 MHZ
8 	 16 	 350 	 43.75 MHZ
8 	 16 	 351 	 43.875 MHZ
8 	 16 	 352 	 44.0 MHZ
8 	 16 	 353 	 44.125 MHZ
8 	 16 	 354 	 44.25 MHZ
8 	 16 	 355 	 44.375 MHZ
8 	 16 	 356 	 44.5 MHZ
8 	 16 	 357 	 44.625 MHZ
8 	 16 	 358 	 44.75 MHZ
8 	 16 	 359 	 44.875 MHZ
8 	 16 	 360 	 45.0 MHZ
8 	 16 	 361 	 45.125 MHZ
8 	 16 	 362 	 45.25 MHZ
8 	 16 	 363 	 45.375 MHZ
8 	 16 	 364 	 45.5 MHZ
8 	 16 	 365 	 45.625 MHZ
8 	 16 	 366 	 45.75 MHZ
8 	 16 	 367 	 45.875 MHZ
8 	 16 	 368 	 46.0 MHZ
8 	 16 	 369 	 46.125 MHZ
8 	 16 	 370 	 46.25 MHZ
8 	 16 	 371 	 46.375 MHZ
8 	 16 	 372 	 46.5 MHZ
8 	 16 	 373 	 46.625 MHZ
8 	 16 	 374 	 46.75 MHZ
8 	 16 	 375 	 46.875 MHZ
8 	 16 	 376 	 47.0 MHZ
8 	 16 	 377 	 47.125 MHZ
8 	 16 	 378 	 47.25 MHZ
8 	 16 	 379 	 47.375 MHZ
8 	 16 	 380 	 47.5 MHZ
8 	 16 	 381 	 47.625 MHZ
8 	 16 	 382 	 47.75 MHZ
8 	 16 	 383 	 47.875 MHZ
8 	 16 	 384 	 48.0 MHZ
8 	 16 	 385 	 48.125 MHZ
8 	 16 	 386 	 48.25 MHZ
8 	 16 	 387 	 48.375 MHZ
8 	 16 	 388 	 48.5 MHZ
8 	 16 	 389 	 48.625 MHZ
8 	 16 	 390 	 48.75 MHZ
8 	 16 	 391 	 48.875 MHZ
8 	 16 	 392 	 49.0 MHZ
8 	 16 	 393 	 49.125 MHZ
8 	 16 	 394 	 49.25 MHZ
8 	 16 	 395 	 49.375 MHZ
8 	 16 	 396 	 49.5 MHZ
8 	 16 	 397 	 49.625 MHZ
8 	 16 	 398 	 49.75 MHZ
8 	 16 	 399 	 49.875 MHZ
8 	 16 	 400 	 50.0 MHZ
8 	 16 	 401 	 50.125 MHZ
8 	 16 	 402 	 50.25 MHZ
8 	 16 	 403 	 50.375 MHZ
8 	 16 	 404 	 50.5 MHZ
8 	 16 	 405 	 50.625 MHZ
8 	 16 	 406 	 50.75 MHZ
8 	 16 	 407 	 50.875 MHZ
8 	 16 	 408 	 51.0 MHZ
8 	 16 	 409 	 51.125 MHZ
8 	 16 	 410 	 51.25 MHZ
8 	 16 	 411 	 51.375 MHZ
8 	 16 	 412 	 51.5 MHZ
8 	 16 	 413 	 51.625 MHZ
8 	 16 	 414 	 51.75 MHZ
8 	 16 	 415 	 51.875 MHZ
8 	 16 	 416 	 52.0 MHZ
8 	 16 	 417 	 52.125 MHZ
8 	 16 	 418 	 52.25 MHZ
8 	 16 	 419 	 52.375 MHZ
8 	 16 	 420 	 52.5 MHZ
8 	 16 	 421 	 52.625 MHZ
8 	 16 	 422 	 52.75 MHZ
8 	 16 	 423 	 52.875 MHZ
8 	 16 	 424 	 53.0 MHZ
8 	 16 	 425 	 53.125 MHZ
8 	 16 	 426 	 53.25 MHZ
8 	 16 	 427 	 53.375 MHZ
8 	 16 	 428 	 53.5 MHZ
8 	 16 	 429 	 53.625 MHZ
8 	 16 	 430 	 53.75 MHZ
8 	 16 	 431 	 53.875 MHZ
8 	 16 	 432 	 54.0 MHZ
